9004
8377
5445
4268
8281
9500
6686
2277
3759
4324
7917
4448
5195
6108
5174
5361
6142
2969
7207
4573
1780
7479
7495
8278
8221
8817
8537
9092
9675
6093
2861
8678
821
4657
9297
9101
4157
5983
1377
7915
6658
5645
8715
1852
1753
3888
3564
4246
6856
770
5170
4987
4601
2665
3265
9173
7833
8153
8264
7507
597
7477
2536
7770
2133
1833
6870
6289
7815
8247
556
4472
3891
9270
2675
1995
9509
6239
2592
2716
3360
4114
7703
4312
6778
7319
9836
962
1823
8100
4820
2420
5576
7355
189
7708
9187
3410
349
3353
8008
904
4176
8251
173
3203
245
6033
9441
9189
8748
9152
3302
6450
9816
6431
120
9651
7392
1943
4102
8563
714
9677
5917
902
3737
1456
663
4085
1160
8671
4988
5336
6921
1512
4890
3517
7544
682
9057
6291
9833
2358
9093
6000
5140
9212
5651
8883
7506
9752
7445
8219
5781
9714
5472
9517
1169
6135
9953
2328
4805
1292
4015
8077
2803
5256
1593
6698
5937
650
9340
5770
9359
8432
8121
4499
3996
3771
3381
1501
9875
7178
6072
2007
6891
1543
1523
8059
7677
7827
6738
8833
9118
7105
6909
1920
2360
4854
4969
8297
1855
4308
418
7565
9092
4890
2063
9439
8661
1796
7291
4887
8973
3362
6893
5863
4905
4767
273
8933
2593
3362
7766
1710
6818
1026
9981
9178
2231
4949
3826
437
5608
595
8002
4699
5484
64
4137
496
8211
7780
1734
7183
1141
8626
9397
2397
9744
6021
1330
8688
9383
5447
6749
6200
2824
3081
1729
1407
4381
1906
1843
9989
8852
9844
1039
4336
6260
1528
1183
4470
9307
2917
8005
447
7894
7401
2844
7638
3422
525
2677
9156
5971
9426
1707
5146
2506
9788
6552
6887
1693
8395
3227
545
8238
4265
1232
4497
5792
2414
8967
5098
5330
3323
5545
9576
723
4740
7213
496
5264
6241
6003
7586
5666
7710
9083
4524
7497
5635
7762
5541
4029
988
2437
8618
5252
3668
9467
1044
2434
4785
6141
7763
8107
8037
7338
8829
9128
902
5677
743
7143
1679
4680
9160
5740
3763
35
9588
9397
7796
5129
9777
8783
3917
4746
4035
7585
4212
1430
18
8996
3922
4132
3454
8311
7822
8635
7438
5075
4311
8181
8569
2341
9212
7729
8081
2974
7763
7668
8722
5559
9148
4850
693
3065
9596
4727
7001
159
6156
7018
5507
6430
7501
8960
4740
5322
7594
2177
397
8256
6709
8965
6949
5921
3045
5029
5246
7160
9048
3968
9070
4548
8817
9762
7612
4764
4489
4612
4923
6996
7981
6781
3425
1833
5740
4516
3507
9686
6693
255
4293
9753
5571
1241
5673
8616
6269
7271
2127
1669
1238
1196
6216
6406
957
179
7522
1797
1142
8796
5145
9122
5576
4921
7306
1315
9437
812
7352
2481
1066
1645
2233
6637
2885
4258
1604
5506
1528
3730
7174
9117
4925
9741
1874
2233
9919
9395
4030
1060
8190
5526
6533
3765
446
3838
1432
9882
1002
5135
2362
2067
6779
4595
5055
6016
5204
6658
1521
6731
387
5046
2199
1663
4786
4072
3896
4704
3467
4277
2115
8008
9802
4999
8125
247
5188
9556
6481
6189
4690
8842
4608
7821
9788
9662
3836
1343
2672
5356
8073
9410
401
271
1073
1538
4343
1320
2593
4161
5596
4707
2168
5397
9705
292
1995
1244
6199
8475
7433
7241
3669
8392
5061
9808
8053
8896
1151
7076
603
5575
6486
7355
2198
3910
8892
6540
5229
1484
7052
824
2542
5571
2572
2246
2215
918
9841
8413
5745
7273
2005
5765
5664
7065
5572
69
2312
3074
7144
2914
5001
9981
6620
7198
3890
5511
89
9118
6994
7140
6293
9535
2710
5216
8132
1276
6134
7973
9689
1878
1597
8045
7642
7261
5110
9565
3681
3773
8991
7176
3039
3991
7157
9658
1188
1046
5169
1276
6516
8514
8415
2808
8049
7476
8024
2532
8752
509
6856
4792
8738
8453
2836
2731
2065
4297
2295
2097
8070
1285
9272
7460
1627
6428
7117
2814
3826
2285
4089
341
799
8855
3148
5199
2683
7523
4082
7786
8031
7290
8929
3120
5742
8116
5850
4158
2413
8145
6254
6834
5781
1877
4293
7408
8305
7761
6573
2130
46
7014
2470
7196
5868
1969
8746
4902
5844
9179
2687
226
6468
7967
3346
8561
6083
9195
9070
4847
3691
5323
8032
5824
7200
8676
9583
1856
6436
6155
337
6481
3168
9158
28
5388
1126
5125
289
6969
656
9328
7195
7123
7294
6892
2036
9728
6086
1105
4574
9777
6428
8957
1952
9979
7632
1534
8186
4068
7688
8522
6900
7208
4031
6928
2595
5156
8404
9235
8477
9059
8562
2023
2534
2208
8914
4569
8287
4999
5673
9213
1127
8452
8169
3078
4782
5801
963
2967
9868
8651
7840
6767
2210
1870
46
4804
3378
4802
390
1854
3860
5304
228
2745
3863
9141
7313
2149
491
2986
1361
7970
1437
9530
1047
6219
1682
8362
5537
1549
3364
9729
4667
5573
1598
1065
6728
1327
5866
7117
9532
6077
2420
9759
8822
2634
8899
6134
4783
5742
5471
2495
3711
6908
2024
1109
9478
57
9470
1366
1605
2833
1094
2624
4757
9044
3688
1484
6722
5905
4953
6254
1981
3724
6012
802
6358
1263
3288
1140
7004
8758
3634
7066
2017
2010
8174
7846
2066
3996
5564
23
6828
6657
8998
1585
2052
2685
9420
8774
8589
4372
5027
6921
8096
7390
4075
4453
8652
7362
1944
2007
2471
1929
9072
4488
3938
3598
8685
2356
7593
4248
8730
4420
7257
7727
2356
5660
6763
8128
4433
1703
2499
5811
4975
6946
3201
9049
1398
8204
6410
9693
6563
5233
1622
5634
6072
1911
9231
4756
618
3175
9004
9347
3947
2612
3425
6302
8271
6539
4429
2704
4593
3280
4866
9568
225
4418
8616
7975
2622
1378
4019
9184
6610
5640
1169
2681
3903
6752
7436
4520
9926
2791
219
3872
1754
3643
6526
25
6534
7306
9080
1126
585
3945
693
7162
4715
9309
1488
7336
686
5506
2871
3647
1146
391
6327
5048
7142
114
5919
3420
9257
6137
3643
1010
6132
168
7386
2665
3826
6465
142
762
6762
835
7923
1476
6495
9410
5163
3532
1268
4385
7178
2413
4775
9856
3812
8269
6321
6082
1688
1929
2219
1682
9291
4702
1850
6676
3718
2027
9493
3859
2788
2606
1045
7063
4081
3891
2824
5595
7422
4091
6331
951
2855
1105
7158
6666
5725
9831
9100
3764
1759
1318
5446
1049
2371
3647
4077
6088
5673
3569
6298
4812
2526
7343
1874
2958
1233
4698
8552
5007
8788
4882
2309
1643
2338
9467
4660
8063
9297
3759
1826
7407
1428
3623
8456
150
7269
8884
6237
9293
8804
2535
4105
1329
6229
5978
4286
3813
675
9189
5171
5815
422
7480
3809
2759
3298
8468
7173
8946
8579
8999
6352
6358
8973
1159
6508
6242
42
9096
5534
5197
7982
5990
6525
562
1968
7162
4375
8994
6350
5897
4808
6771
9728
4968
9530
3025
3436
3054
8322
8366
8404
1026
1075
7377
2184
7582
3618
8578
3030
5503
3774
1011
7845
6651
1573
9812
3812
2299
5157
162
4547
9965
3284
4275
1284
2813
3651
4719
2219
1973
9436
622
9350
511
7998
1533
4444
7967
6462
7473
9822
6588
4836
7666
3238
2760
7477
3401
1410
2633
3562
5956
8949
6846
230
233
6010
233
1303
8228
8557
7091
8850
7906
7601
3199
5790
8396
1166
2252
2221
987
8839
7056
8652
8428
6167
2480
1828
7576
5112
1742
3531
413
4939
113
6997
7300
345
4651
1880
8901
1741
7081
6806
5693
279
2595
4089
7796
1198
2661
8782
6388
9716
3785
4815
2234
6264
2995
9809
7728
1088
3339
8140
2378
3451
1488
6029
147
6138
7908
9047
4231
1340
2204
9923
7971
4799
363
5766
2348
3023
4548
8736
9090
8332
9902
1323
948
2896
1131
8675
335
822
3166
9064
624
4653
5093
771
7142
9352
6169
1372
692
8373
1295
8662
9523
8009
4427
1870
1032
5326
605
6473
10
507
7796
957
9754
5278
5983
6441
2451
9148
5504
3075
3800
596
197
941
9948
6365
8665
6991
4737
9959
5652
4259
4319
6430
2481
5350
8108
3085
1823
4469
3591
5970
1777
9697
7599
7759
6137
50
6906
1640
3124
705
8588
9672
7997
4887
6036
6661
1877
7125
2971
7528
7735
7290
309
215
8991
4768
3300
7165
9236
3242
3134
1012
9290
733
8770
5426
7134
5675
3418
6609
2731
8357
6280
7080
3243
2315
92
5119
5791
9415
8998
3526
3056
5658
3740
2046
426
3391
5563
9661
2985
5048
673
2274
2132
5794
4052
9265
7821
7469
5873
551
2177
2152
3982
5419
819
4074
6889
6609
3488
5886
134
2895
1543
226
4940
8320
3616
6854
7981
2952
1902
5005
5226
4033
798
9277
3298
8618
3097
9170
5521
5273
7674
9502
7043
8492
9927
3931
5100
9766
6168
1586
2660
4062
1811
3952
2382
1778
805
362
4730
2706
5366
6307
6739
2515
5583
36
1133
5031
5557
3005
6655
3230
2506
3697
1721
8785
3979
3173
8550
146
4758
1210
4207
2920
1513
6588
1049
2317
3301
5778
5023
5018
2084
1761
7533
4018
8148
5017
5400
3704
8021
2054
3286
6878
2102
5006
5662
6080
4530
4212
2577
9287
1773
3136
8558
3285
9723
9607
5601
9376
1736
6975
4393
3820
5087
8277
4189
3234
3293
9589
3290
7665
7994
6575
4543
6448
7932
204
2527
2462
767
1456
8100
8891
4591
3010
8527
665
2616
480
40
4351
7454
785
4522
2541
5413
5063
2126
8706
1003
1767
2722
8996
4693
7264
5443
2625
3820
4322
1438
938
5777
5889
6181
367
8898
4707
1031
7865
5186
7423
8568
8992
4559
3089
1532
9971
4503
9
5028
5505
8128
7750
853
2820
5013
2647
1796
5184
6968
3233
2474
9096
9122
8654
5814
4371
3360
3197
2236
8546
619
803
7537
5177
243
5420
1499
4746
1780
6527
6602
9907
4276
7454
9079
5640
101
874
824
3420
4107
3297
2516
9580
1950
4681
302
1661
7877
8889
206
4847
9691
4094
6375
6286
5865
7874
1031
3997
4400
3984
255
8675
1438
9333
4314
7890
207
1489
1309
665
1137
176
244
3086
1209
6897
4747
9085
5786
1304
3932
1828
1750
6658
8113
3966
4531
5495
7962
8930
9479
8217
3956
916
7549
4622
8805
4107
6110
6465
4771
7247
2993
1366
6684
4201
8263
7782
3285
4048
9086
3568
5875
7187
6578
340
1152
1108
5834
5466
6390
5312
34
6697
2579
3934
1318
1383
8041
3780
4200
2811
1026
7192
529
7709
7744
8791
1843
7380
9190
7280
7300
1416
4466
3877
1755
1969
1336
7589
7434
4077
9252
7467
774
1831
7753
2091
9565
5793
5870
3764
4955
3247
7307
5483
7308
1402
4273
9150
8782
9814
6429
6081
7582
7246
6309
9336
9214
7644
3276
3000
1721
8880
6818
2494
710
4570
936
274
362
3158
390
5317
6404
4048
799
63
5450
1424
9212
583
7589
1992
6663
5170
9237
9323
858
4803
6966
4133
7802
5038
9364
971
7531
73
5541
4819
6699
2254
7976
3440
7570
731
7487
4721
794
9288
2496
6357
6222
84
8349
2884
5254
3937
8558
6111
8739
5524
6595
2892
561
5959
3863
4444
2383
9403
9262
9081
1656
3589
2520
5578
4319
6359
6650
1464
1998
9145
7821
8220
5580
6169
7455
833
6457
6013
3295
5196
7888
9890
8087
4800
5848
8301
9243
8230
4055
4856
3663
2063
8444
2534
7640
9115
8892
641
6930
7242
9785
4750
5461
5364
7270
9267
2549
3727
5279
5843
5274
9518
2084
9712
4318
4283
8013
3560
8865
2067
4768
2527
4129
9563
1412
8120
5029
304
8760
1959
3897
4896
6708
5709
6612
330
4975
5512
4056
6606
1354
5681
6123
9790
5392
440
4072
9756
352
2936
8175
5119
1814
8655
1033
3226
6775
6062
9881
1886
8020
3777
3134
1079
5837
9745
1408
811
1608
1815
3768
2961
7495
9891
9102
9239
6682
3174
8994
3385
2461
3520
4855
627
2175
5888
3852
5301
1949
84
3538
6320
212
6671
7398
6048
2767
8806
3210
4374
620
6978
3687
4467
3220
2788
3705
6253
2313
9050
9638
4774
2570
844
5400
4744
6731
5603
6396
5031
5686
9933
1350
5897
2956
5100
8296
5722
3905
1505
6448
876
8482
134
5342
1701
2921
9046
7954
1586
8096
3943
6359
7017
4786
8110
8112
7869
3712
4507
2899
5749
791
601
1645
3746
5700
9940
9468
5956
7796
5915
6831
6278
2400
8525
4330
1672
7570
8635
3257
2017
2577
5967
5385
3715
4076
3496
1583
7787
8002
833
9887
5145
1433
1531
8890
3484
7822
4709
5791
5618
6975
8974
8247
9374
7498
2576
1046
1419
7563
654
9788
6491
6621
5172
205
696
8668
1787
4835
3021
8972
4721
8165
6756
2604
3407
240
6777
8115
2382
2394
5090
1355
6992
815
8852
9568
8212
271
3482
8866
6410
9972
1838
1581
177
8885
6600
8315
3719
9621
7286
4792
4137
4042
3747
7543
633
523
2010
3014
9269
3451
4369
6260
4265
9572
2179
8829
6194
5660
4046
2603
5632
5883
4184
2160
4767
7135
474
4838
6755
4112
5981
7244
8153
9727
1138
5137
249
3147
4502
5869
6597
8870
2129
7214
4794
659
6042
987
6319
6439
3590
8302
2321
4125
461
7087
1259
934
8276
4366
1397
4256
1609
5901
3982
9098
1037
583
2245
5539
6451
5193
760
4931
8758
5553
5590
1151
6540
8260
7589
6481
6561
9909
605
7021
3348
8215
4306
7975
2580
2055
2231
540
7955
2564
9638
5344
9498
8234
882
2301
3426
7993
7231
8536
3546
9172
9686
6437
7431
3627
2917
343
3535
9873
3715
3234
8087
4373
7561
7019
6427
9791
7558
4381
8706
3547
9724
8204
1780
6957
6856
5206
4950
4086
93
4847
9610
9778
1283
3392
3404
551
87
3291
6775
3801
2876
1213
8173
436
8231
951
6578
2141
1684
1636
5687
7759
6191
7467
4716
3046
9024
6017
3483
9116
7215
3092
5245
4849
2836
5001
5399
2922
4643
8525
6722
7518
9737
1247
4306
4320
8549
7235
6460
232
8870
2146
7991
5060
5964
9058
8105
4987
1426
1588
454
8640
1031
5699
3488
3866
699
5238
3139
5341
114
6213
9210
9850
3811
3515
521
2359
7102
6980
8943
5971
5478
3285
7383
1441
8694
1839
2780
119
9778
3233
5110
809
8931
8597
1026
5981
186
517
1321
299
6729
531
6500
539
397
7021
9249
3850
352
8191
9821
5829
1475
3555
3622
168
5393
6401
6638
1523
9633
1747
8683
8564
6695
9708
4544
3232
224
2217
3530
3304
9099
6382
3842
5847
9754
3091
9697
105
7633
5869
2286
9108
9423
5907
5627
1167
2307
2265
2689
8291
363
1371
6854
7058
7431
7750
289
7654
6318
171
7310
5416
2904
1151
1262
2657
593
7310
9113
4578
3178
1398
3685
2600
3656
5663
3767
2314
4279
6455
605
4642
4178
3810
8051
1608
7911
4691
5613
4228
1213
2922
5995
4116
425
3609
3124
7369
918
2237
1946
4096
9986
1982
6695
9994
7645
6813
2307
8275
9620
9263
2916
3797
3073
7318
5404
983
2009
1016
1563
3221
290
7557
3689
714
1165
6812
8082
2083
5400
28
2530
1738
2009
9224
8083
6005
6037
389
4280
5656
9652
3547
5804
9076
865
1207
6410
9225
8574
7972
8797
8863
1881
8837
9576
9397
2001
4010
7831
3752
4037
360
1841
2397
9584
9923
4754
1972
6664
9033
3979
2667
8931
9782
1742
6147
7340
8151
5371
5913
2475
520
1128
707
9356
703
103
7708
1064
7934
1460
1452
4645
3300
3849
4228
3223
4954
2551
9886
3986
6529
2552
2916
2662
645
9063
1
5147
785
2266
7621
7656
3393
4679
3364
447
4782
1071
1511
9067
2530
2962
3711
5830
3162
4291
5404
8115
6841
5289
8452
9722
4192
7720
8735
4836
3134
8736
9982
3918
7353
3955
7926
745
8633
1289
1191
9766
2359
2701
8832
1241
2015
8895
7070
5176
3185
8825
9643
6377
465
8094
2450
4656
5813
1185
5843
8946
6272
5824
9216
3624
9778
7141
4368
4763
4781
1910
4528
3491
963
9712
4731
2977
8606
8152
4504
8142
6976
4146
870
7440
8592
3320
8447
756
4504
4289
9702
775
113
5269
750
6242
8761
5117
7356
3541
7026
1884
3383
4340
7947
8114
7316
2904
6265
8172
7397
9593
2317
8266
3384
7260
1585
1831
8016
2440
6119
4069
9566
2583
9337
315
5177
4449
1783
2532
4341
5161
767
7723
9500
5065
5836
3168
7968
8453
1339
1716
4397
7
9982
7780
7267
7918
5962
1634
6710
8433
5702
6275
7367
1390
2942
2543
5838
1076
1427
178
6236
8545
7900
2088
3610
88
5255
7929
4892
6593
9645
9288
6599
5978
3419
217
3895
9381
1850
6956
4165
3903
9583
1531
5292
2524
4074
7481
3599
1852
7658
6187
396
1910
8274
357
8349
3528
8286
3240
6472
7930
2527
9422
259
2297
9639
4153
1677
7840
1109
5841
8095
7043
7372
9738
9566
7797
7219
9516
6000
1228
2054
6395
9489
327
6752
7837
206
1389
1076
6677
5670
9954
2451
5928
2251
8441
80
279
2632
7540
2472
726
4582
6195
464
499
343
4034
6367
6342
5261
8420
2736
1102
8747
5839
8938
5304
7227
6366
8333
2896
2671
783
8823
1273
9223
5255
1552
1854
9146
375
2580
80
6569
9395
578
3263
3428
6944
9604
5040
1716
8691
6141
462
4530
1431
2117
8108
7796
449
1004
6818
1231
6178
8091
453
1432
5994
8659
578
6368
1238
657
9288
6984
7586
2550
411
882
2153
1802
2597
7195
7943
9410
1724
5725
1526
9832
9872
1975
7187
6689
3205
3364
4779
10
1148
7124
8668
8077
3491
6257
8733
9130
3240
2670
8031
3650
3551
6535
1803
2499
3730
9745
1908
1805
5469
3434
7988
5340
1760
5174
8381
1316
4890
9511
1325
6037
6635
6344
4113
6477
2600
9197
5607
2191
8218
3637
2192
1769
172
3995
4267
253
91
2527
2057
5560
5960
45
7251
4071
5218
5631
5386
6459
5142
3063
2495
8128
5758
2959
4604
4710
2155
210
6900
6725
199
9092
8493
6722
9438
9111
6974
9528
1637
5382
1439
3948
5426
5042
4370
6996
672
9756
3454
2165
9170
2301
6644
4927
5259
1248
9636
3766
7809
2888
490
8007
1979
5334
1080
7768
4444
4405
7295
2433
9787
5086
2732
1564
127
7102
8559
7150
3209
2013
9315
8730
4313
5958
3656
5923
3557
9644
9688
1366
2531
177
5724
861
5510
3156
8628
6306
7560
2274
5090
3698
7359
4173
5262
7485
7626
3820
4635
834
2184
301
9563
2848
2610
9571
8771
6167
9214
4810
7532
1744
4987
9607
2604
6848
2762
1231
9505
6674
3504
946
371
863
5119
5632
4699
2744
9452
9333
9930
7987
9633
5844
835
2243
5414
5957
8409
4627
766
2292
2722
2104
8250
5325
8952
1012
2907
4808
7685
2763
5754
8055
9977
872
39
4675
9967
5842
4008
9896
3828
9992
5740
1014
2234
1153
6970
6994
2132
7736
5637
4853
6191
3887
6530
5142
4898
5788
6302
8934
8550
2055
3340
4878
9278
3378
5905
9244
9219
6264
5492
9399
6255
1231
412
4841
8735
7382
1834
7218
1469
3823
8423
7659
7709
1304
9153
8958
7091
1806
4243
1993
212
7582
3222
5841
7312
9126
5084
6530
5389
6927
5928
1644
4509
2692
2836
9596
6425
4669
3165
7893
4843
1587
1903
2551
9242
7407
7860
6333
5564
2102
4677
5775
6036
7898
1615
3347
7024
3051
9876
8764
9977
2156
6759
838
4847
9594
433
7623
615
3597
1867
5457
1536
3769
4360
777
7528
2219
3461
3091
673
8137
5218
6708
2387
6832
54
9410
9882
6281
4525
6211
4788
1284
7048
5986
877
7480
3608
1491
7428
5474
6948
8963
5595
1307
9740
3122
9877
3200
2564
549
7689
7781
3608
75
4613
13
5836
846
2646
360
7056
7433
1643
455
9771
2520
4286
3378
4010
1714
8852
7309
676
798
4967
6767
271
4844
6319
2834
1744
4007
6967
1704
433
7931
1716
6268
5128
4361
6627
8536
8146
8270
8990
7916
7141
3276
7645
7502
4989
2848
4811
2016
3645
9777
5135
3915
972
1453
3101
2716
1811
67
4419
2243
4349
2486
8510
9476
3199
1488
8011
1344
6109
7001
5611
3249
6628
3255
751
7968
2455
1913
9983
6099
1689
1469
6366
2661
2921
9466
1728
4731
5884
2498
3325
232
4983
1834
9707
4533
9674
4070
2228
5782
7422
4190
5383
4049
3797
6133
2016
6251
4397
8350
2349
6085
9819
8714
5097
2739
4531
3176
3822
414
5673
3498
6997
7008
5332
3056
7892
1357
7125
120
7138
4546
4309
2520
8594
8105
5004
6961
4355
9400
5310
3056
1837
5128
8121
3285
4219
2652
6461
4392
9417
8485
7889
6414
1844
9572
9469
9736
928
2945
6207
4418
3842
6867
6937
8787
4972
8293
5747
5678
4044
1056
8733
5880
2536
3206
9165
3106
5857
1977
7497
1625
6813
1737
8038
8657
1309
3858
4744
8588
3154
950
3005
6995
4168
6294
5781
9139
938
1527
1169
4981
8935
6253
861
7822
9458
6377
927
1666
8353
4775
3291
1517
6511
1328
173
4171
1538
1268
2759
4691
8569
2115
1686
2737
8408
7466
1875
5697
5345
9395
678
631
5648
1538
8452
5105
4266
5730
6771
8970
6856
61
486
9718
7740
7011
3889
9277
8278
2999
320
6847
1465
8357
9583
6225
5822
7809
1921
7518
7204
2598
8148
2851
487
6599
4307
4752
8680
7429
73
5535
7489
559
5253
1581
7569
5493
7209
2198
8491
7528
9044
9955
5884
4978
6179
8058
9139
8100
1927
6342
7049
75
5544
7536
3025
6202
8639
1705
3631
8712
3591
7471
5622
8843
9051
9542
4335
2612
1739
9177
139
7135
5484
2375
2112
1662
6784
7602
6113
8710
295
9514
8784
2190
7049
8161
8392
2039
6217
8374
7102
9807
5844
2723
5002
1247
2264
9336
3858
355
4865
3996
7489
348
2722
5952
8361
9505
3554
826
8215
3848
339
3350
6038
3739
1510
781
5777
7726
9154
2879
3885
4997
1953
8886
6243
4217
4573
6452
923
9437
448
4763
9784
9521
714
8145
9026
619
5322
3592
4467
5660
6941
6856
9398
4803
7636
5174
2528
6789
4404
2764
8137
6357
1649
732
6925
6222
7183
7847
5658
3982
2609
1794
3503
9674
6290
2528
293
1611
2471
1111
3622
9411
7966
3019
4213
1953
4544
3093
5093
8948
5856
3229
5304
3857
3960
8580
6430
1143
6426
2087
5124
5386
232
4978
5059
2873
3857
1703
4483
6327
2813
8104
5738
7130
7474
6302
9082
2018
5746
4174
965
7954
7403
2620
1810
7714
1199
8239
5208
3976
6677
332
9361
3261
5309
771
6133
9166
2474
616
1844
5286
5071
7581
2416
2545
235
7849
914
5980
8375
1878
285
2129
849
8446
9842
2047
6684
5050
2374
9713
1733
1734
9325
3393
2504
5457
8910
1329
2424
754
6615
7495
4686
5382
6391
4920
9582
7304
7252
7956
5533
3888
84
6381
2334
9926
4779
5369
1327
7152
5081
3059
5237
4405
2803
4092
6214
1713
5421
8637
8818
8387
2483
3503
3768
5225
4775
9701
2528
8378
7657
4412
2265
7740
7144
4598
4017
1922
9967
5343
5425
1399
4753
7013
2156
3908
1105
8369
5620
2877
7005
4437
1263
5840
4291
1382
1064
5417
1082
9944
3794
5090
4355
2411
2830
1499
7008
3198
9772
3326
4893
5197
1077
9645
8561
3232
3552
6017
1600
5523
8893
4956
6311
6507
7147
6954
7888
8211
2370
5322
8154
2516
411
2508
4926
9592
358
8285
2790
130
7963
7682
1678
9039
3678
238
2270
3582
6255
221
9104
1499
1528
1767
8006
8675
8720
2245
6885
7441
7566
5038
9956
7977
3897
1233
7568
4255
9518
357
4384
3832
4390
6061
2870
8068
2650
5139
8001
5256
1711
3456
6755
3238
5222
4760
1912
293
3356
8796
4086
922
185
4041
5250
434
1626
2817
1040
7495
9526
5423
1326
267
7835
4195
4686
6836
5685
2686
2092
7395
6142
5198
632
7715
6309
2544
8008
9664
7691
2093
585
4228
2485
5834
4661
4110
5003
5700
7956
880
7474
9281
1146
1660
9827
5832
8495
5511
8517
6938
2905
1010
2135
9889
8725
8443
8784
3084
8107
6474
1528
5043
701
4012
7229
1713
4474
2231
7412
2429
3110
1237
8062
4255
2896
7888
6438
7743
9751
4955
1032
2655
2316
3167
8895
1040
7961
7678
4123
2419
4152
5650
7462
1204
6014
1042
2917
6839
3272
6680
5619
2733
7917
3680
3339
812
7920
9777
4906
7670
1083
5938
6676
3398
5456
5571
790
3416
3248
4912
2187
3751
6914
6000
4955
9279
7041
4223
6117
312
902
1735
9396
8818
1767
2734
5982
9686
8862
887
7355
9944
3176
382
9694
8631
5952
483
8399
5552
1746
585
9302
5011
6584
608
4289
3624
4830
405
287
5732
8492
9682
901
258
8767
6882
6295
7629
4121
1
3924
7296
382
9969
5927
6334
451
677
1885
8549
1261
7538
9911
7844
8146
4200
7819
2975
956
8105
5058
5799
4138
5959
2408
2904
9192
8702
6884
3312
8702
7160
6960
5436
7128
9238
1769
3931
9914
5
8831
1174
3894
8741
5369
2039
9292
9539
1366
248
7643
2775
2398
8132
5085
4806
7387
4277
3507
623
3940
8561
7782
899
3996
4909
136
2116
8839
49
8472
7669
7574
2365
2762
2942
4404
2053
2480
2121
8652
6474
4895
1050
957
9980
5855
8344
608
5713
8966
4547
4273
6747
5446
8268
8007
1933
383
3198
1982
8854
866
9555
7571
3627
8849
1974
2032
7680
446
683
506
5340
1732
1462
1671
7586
6157
2278
9651
1474
6825
3923
4572
2270
8543
2579
4202
8925
5776
2535
4131
2993
8442
8053
2972
3642
6378
1355
7673
6823
2037
4530
2162
3769
2344
185
7706
8500
2462
7356
6326
9286
7631
897
7907
6173
9827
8461
1449
1954
7347
1931
1299
5788
9983
622
5781
6360
1976
3454
3182
4012
7983
1696
4132
326
1880
1838
5178
4341
5545
1503
9979
3175
8751
4237
5699
8578
9049
7148
6883
6396
9078
8181
8535
9061
8802
668
5420
777
4121
4954
4789
8455
6649
8920
5133
4880
7109
6662
5572
9006
8164
5550
8532
3266
6139
4231
8195
5187
1378
5078
7934
6807
3258
6469
5867
2060
7136
7639
2836
7608
2592
3976
2414
9240
2896
3898
4119
6356
559
9690
5361
5074
1592
3893
8340
7730
8123
6534
9268
5852
1611
7202
2658
1221
22
4877
3280
3509
2515
2467
7468
5106
6443
6233
697
5690
131
1167
2045
689
7208
3758
2115
8799
7650
6806
2880
2124
3339
8500
4327
1302
2053
6984
2522
8426
8212
2153
1934
726
971
5753
2183
7413
1985
9231
9454
8467
397
7851
5508
7605
1608
7622
2755
5609
4427
1987
7732
4117
6838
8410
5418
8890
1745
4291
7315
9957
2795
5600
682
3766
1352
9217
7530
9688
8447
3336
8155
8844
1186
3662
2800
2793
7635
1906
8401
2061
244
2484
2529
7081
893
4299
5970
2637
4941
9636
2593
7736
5235
9627
7853
2938
5195
1734
8978
3641
5069
3484
8836
6254
3497
7987
5398
1131
9893
3798
9543
136
6281
2071
7217
3525
6369
9538
6162
1310
5526
5106
5397
7112
1084
9601
50
6278
1334
5379
9919
6403
8862
5106
9008
8710
3093
4406
9840
9337
4555
5734
9472
7188
7804
3040
712
525
8930
3225
1834
4455
4683
3582
1566
5766
3182
7967
2044
4515
9697
8314
7269
8558
3419
2629
7267
2863
3386
3458
2199
7940
5543
8023
1479
3347
1062
2191
223
6343
1767
8408
797
6449
1989
8715
2215
5170
3033
610
6036
2730
8923
9657
7639
8693
2285
1258
1556
5670
4715
3754
9961
258
1776
1440
9956
9190
9982
6530
5532
8100
4937
2681
4549
6925
7747
3115
8446
779
76
4481
3508
8998
489
7499
4042
2773
8756
5597
4794
9822
5703
4755
6431
3830
2546
6386
9371
8879
2915
1255
6978
4203
3935
1526
1127
8033
992
5924
8811
1067
405
8671
6416
893
6169
6810
18
4924
2406
1163
4745
4460
2269
7528
4642
4814
3913
4012
3692
3180
5266
670
3734
5552
8547
4861
3584
5891
7136
8747
6957
7540
3769
9725
4785
6289
6534
1154
1212
5291
2316
2308
6103
4585
9835
744
5750
100
4755
5794
9631
21
6463
9716
1924
1361
928
1860
7251
8064
606
560
1955
726
6636
3091
7014
3169
4244
4577
4811
2912
3236
913
7496
3071
1656
9597
9522
2763
5390
5504
9135
1852
5219
1058
9565
2499
2917
6815
562
9874
3726
2516
599
361
5607
7612
3529
9850
8540
4692
2761
1776
5604
6608
1198
7260
6205
7071
6374
1594
2574
5508
9798
4144
6565
5714
6642
5834
2528
3555
5707
6254
6071
2658
2966
1677
6621
6495
7878
5161
1186
6991
6936
3141
9950
4485
6752
2506
1555
3125
452
480
8632
6601
4623
1549
2314
7617
7382
4841
7523
3088
7446
3593
2097
6764
1621
8718
9610
9499
230
7147
2841
3517
287
2790
8001
7039
5296
9555
6515
5747
34
5147
2347
1008
6695
4660
4976
4076
5852
2499
3515
9650
6091
1964
6413
7712
7033
2374
3562
7262
9520
6402
778
9806
5543
8778
3196
838
4684
9711
2936
4717
1209
1634
2076
4255
2645
7052
4682
4849
9550
8196
850
1992
6511
3614
6055
3543
5987
9616
804
5506
2369
7933
5311
7912
3062
4859
5101
7745
4569
4389
8813
5777
2374
889
31
5019
4292
1064
9867
3841
5611
7068
2184
2122
681
8239
5664
6667
4206
2820
2172
2927
7104
3834
7190
6518
8692
2290
614
9612
3030
9427
1740
5404
6667
8122
422
958
9185
6640
1150
4796
3707
9685
6917
739
7923
8932
7405
8481
1751
5928
1407
5207
6113
8596
1724
1157
7237
2337
768
267
8115
2508
2022
4781
629
2443
2090
9814
5434
9591
4609
5492
9276
7877
6230
3550
6808
9986
2030
4911
2265
9788
117
8377
4735
8192
5885
8324
528
6653
8590
4995
5512
6963
6127
6140
5757
8217
2305
1190
7807
3265
3033
3434
1141
9262
6984
4301
5599
5365
9211
4215
5153
5679
8943
6239
222
4828
4562
7101
1480
9503
2095
6991
6465
8222
9482
2221
2790
1787
3410
596
1403
2794
382
8896
8407
7365
3196
4005
2729
8758
8219
4233
788
7162
472
1009
1989
5033
8109
9820
4536
204
3162
1000
4777
2643
3221
7566
781
2982
4513
8536
5776
4894
7431
534
2258
626
4539
1339
5735
9109
5571
6522
2622
6042
7530
962
7427
1990
781
1962
2193
3942
9313
6969
2937
8885
4534
69
8219
9047
8604
346
3940
6034
879
2550
3011
5417
3888
8745
878
9458
1618
3499
1852
9147
4461
9278
1137
1593
7591
9681
1887
3255
3002
4823
2140
3887
4891
358
2933
3495
703
3225
5880
1581
2126
8891
3350
6013
7635
579
1822
9253
4077
25
4751
4889
5654
2239
2834
3244
8272
4720
6499
1273
5894
4990
5159
7136
5347
4444
630
2401
4020
6510
333
2497
1752
34
8509
9386
612
6682
4990
1041
6707
6093
5929
2360
4683
5114
1956
2954
9833
4806
578
5726
9795
2089
9214
1493
2884
9843
245
3255
2704
577
5751
807
6963
4259
193
7574
7292
1534
8614
3998
3978
895
2710
8661
6008
4665
7966
2193
9470
4896
4270
5616
6984
3483
7108
9867
9678
7352
3121
8733
4280
5223
9540
1242
5833
6084
5168
3124
7617
3781
3474
7947
1027
6183
2959
3387
7199
924
5579
3020
5819
9848
8635
9154
3331
5742
5372
9360
9445
4844
8092
76
66
7631
1318
5898
3714
6485
9022
1331
6617
8847
5629
3996
5029
8587
7382
2227
5862
2960
5246
8033
9159
232
7186
2489
2325
2558
8200
1769
3753
6292
8196
3819
3922
5865
9716
7636
8701
5089
5318
5318
3935
946
9313
5315
9532
3046
3893
5393
6005
5490
3425
5163
5721
6963
4004
8045
5872
2203
6165
9624
8494
4361
3442
2416
225
9510
51
5278
950
1720
6947
4885
2665
2611
6551
8548
5656
444
292
1660
5933
69
6822
8006
7031
7177
6050
9254
9380
8567
8877
4225
9279
2319
6640
5855
8180
3042
1132
9129
4761
8078
365
3777
688
6916
2324
6343
3711
8968
4354
9643
9036
7528
4000
2418
4704
6402
1671
435
4968
547
4660
4246
9217
7651
100
7396
693
1232
6525
1805
5661
3241
1934
6349
156
609
9043
3866
9576
3397
9861
8611
924
212
7380
5627
6613
9050
2414
1580
5949
7073
2177
5165
4723
8629
8913
1767
6212
1789
9924
1872
5029
1857
4572
1537
2465
3615
5402
8393
3363
1614
7003
4286
1826
735
6264
4790
9784
8677
6370
2084
2101
4898
7249
3176
3526
2513
4942
9737
4301
1217
7961
9329
9425
2532
7217
1890
2498
2619
6634
5860
584
9988
6497
8761
722
9113
3551
6858
4141
6272
8941
6242
1169
6189
9417
1047
8701
710
7135
9353
8279
5095
5034
7703
3979
2250
5944
2828
1220
2577
8688
1804
2565
1536
6916
3286
648
466
143
4789
6737
9084
7382
4258
1624
3150
1656
6677
3859
8790
6029
2137
237
7414
9840
4215
9664
5783
7042
883
4712
2081
9038
7276
9969
2306
561
616
2771
7056
1756
5860
6139
9137
6469
4114
2286
8124
790
2497
3265
3171
985
3501
584
7176
4067
6599
2959
7461
7482
4022
9541
2871
1297
9509
5176
1857
6477
4299
8912
8232
6510
1402
3721
2978
5516
6006
7453
2657
4854
717
5827
5839
4218
2763
3014
8284
9361
2324
5744
3194
6345
1637
2417
7641
7497
3944
5850
3973
8242
1113
8557
4751
8867
2277
4080
734
4634
7884
3390
9488
8601
5569
1678
9170
8331
4691
3805
4043
3367
5901
7237
6063
3889
9653
3704
1385
3596
5905
1710
8190
3369
266
9292
2235
8894
9724
2968
9879
7607
2710
5718
2559
8278
7395
1728
6608
8438
1885
650
1804
7785
4238
4218
8025
242
4273
9409
190
177
1118
8379
9898
7735
4022
8484
2980
3745
7804
2859
7704
513
8576
262
8790
2323
8342
1749
7112
6578
8750
5267
4362
2988
9484
2386
9581
3757
8146
9770
3933
5616
4500
182
9702
8522
8666
2682
8618
6469
1892
6321
6981
6819
2935
2122
5493
1276
3870
2604
7853
8971
7870
8566
8310
7354
7303
7891
1110
1800
4012
1394
7415
8512
1576
3469
3385
241
2502
8354
3061
4393
4675
41
7563
3961
2162
3056
5236
2383
5659
9440
1353
9881
4357
9663
7234
8011
3905
4695
9810
7916
6088
3577
2779
4015
7045
6163
607
9546
4517
3667
3938
5543
59
7852
9503
2220
907
1090
954
2918
6881
2307
2798
7589
8321
6383
5599
2225
1077
5408
6492
7164
8984
9271
7531
2380
1785
8137
1925
6301
1804
2214
8195
1862
66
4049
434
7324
1490
7739
241
4722
6397
9390
2310
4717
5772
7908
3293
6848
9668
9785
364
5003
9055
4246
7383
839
2382
5659
3492
537
7873
8038
8751
4290
8439
9184
1613
6280
6922
8206
1002
9671
7595
3311
4387
9719
7571
4032
6566
3590
3816
3281
8592
9222
7526
2326
6412
6260
7985
6255
6796
2209
645
5546
6498
9083
1081
8110
5362
4355
6315
2715
4025
262
2378
4763
9980
9948
8794
2897
9889
8961
6178
4832
8182
55
7158
946
6314
1494
7200
9462
54
7844
5007
6551
3278
2440
1012
4992
6794
3679
7706
7170
3940
83
1932
3919
6382
726
3167
6270
9686
5696
7454
4220
5751
4611
5165
8416
2456
8716
7877
2509
2912
9236
5411
2541
1675
6422
7532
4820
100
1590
8341
4039
8024
272
4309
758
7349
3828
3379
3387
9523
832
3958
5273
1794
5474
41
4249
4189
4269
3109
3452
3504
8519
5993
1530
1293
9876
2701
1392
7817
1041
1783
5841
1313
2443
6598
5013
6270
9976
4751
5793
808
8708
7417
8953
4181
3809
9554
4722
8078
2662
8173
1581
7533
517
9463
8825
393
2163
216
8209
3204
8350
401
868
793
6998
5880
3414
3326
631
5558
485
9338
9327
9437
9871
3135
8990
4592
7564
8004
9116
5497
5536
9633
4959
712
6377
7121
7279
937
6676
5629
1338
7543
2773
4687
3423
6186
8012
405
8096
4848
6094
7422
4285
2316
6908
9626
6907
824
3981
6023
6320
9516
2007
1278
6579
8383
4750
3858
5671
1426
9486
7008
8968
8610
1695
8742
4795
6058
5498
9242
906
7944
3015
1542
259
6275
1167
7166
7098
1500
9540
3417
7367
7898
1046
3946
2632
5795
7803
8302
3572
3640
5310
8892
2249
3356
3985
3395
9413
9483
2637
318
3778
5651
8211
4036
1925
5730
7553
9022
7229
7092
8790
4595
1341
9835
8540
3972
1982
6342
2274
5553
9981
3935
4444
8581
7290
8429
1976
3054
4263
4612
9724
8040
262
7934
2075
8539
3663
5980
3912
891
3071
2702
1838
764
2536
377
4735
4517
3071
3360
70
9403
3646
865
7984
7287
5645
9959
341
9907
4570
6416
4298
1183
4349
2725
9721
4364
8704
9985
1606
8126
2686
3443
8889
5221
172
9976
9738
3242
9687
6159
8996
3333
7023
6979
6971
9020
3289
3663
8926
7858
78
9576
5393
779
2300
1465
5142
7355
1449
3099
5480
4134
2894
721
5707
3065
696
1796
2658
382
7954
8005
66
1328
1336
7037
347
4624
699
5625
8834
777
1552
4226
7907
3851
2042
9400
7557
9843
2498
3036
3976
1743
3756
6034
1159
803
7829
168
7537
5782
8173
7602
3462
9508
990
160
4131
1689
5784
9316
8817
7335
3541
6723
7537
1935
2474
1445
1777
1323
4481
2104
3066
4588
8138
4224
1743
5966
4392
9279
8100
8916
3232
7913
8423
4222
8072
8905
5910
3856
8221
1078
7542
8113
4152
1431
47
6625
2875
8175
7947
3707
6631
7364
4647
4768
7940
6389
7085
8683
2019
5184
7598
5250
3096
6020
9471
7520
1276
1732
7727
9496
9161
5268
3961
3312
3050
4007
6288
2277
8534
587
2335
5164
4302
6981
9931
2241
9721
3367
923
1739
4903
8520
3341
4350
891
9163
1869
2167
7247
9595
8014
6407
1215
1974
6071
4264
2333
8710
2892
866
9296
5227
6029
3598
8559
2311
2190
8280
2029
3113
6370
6931
1632
6062
1281
8875
5225
3149
1041
8823
9096
5406
5229
310
7380
7651
925
9712
6361
3817
6929
2008
5395
9309
1957
3953
1619
4147
8584
9999
7259
1306
6930
5242
7367
4562
4116
8943
4062
1508
7765
3157
6914
9346
9818
4293
6996
743
356
9708
911
7284
1716
2657
6592
24
6609
4562
4170
1545
4560
7780
2850
1489
3022
6568
2402
7137
5511
6464
4997
9627
5972
1910
8972
5790
2554
2320
2884
2909
2027
3794
192
94
6450
6783
118
9410
1344
639
7306
5903
8419
155
3744
1440
3075
2497
4928
8585
8960
6276
4563
1284
8185
3535
7073
738
5854
9956
3646
4232
101
189
678
6550
6971
7147
2311
8314
7785
9617
569
2555
6123
664
346
9197
3160
5274
4133
8472
7901
8696
9755
6086
2230
3179
3175
4435
3134
3173
5018
9586
3361
5695
6135
332
2841
8445
4997
6978
4413
1917
9532
536
2580
9878
9732
2092
1503
3865
6915
9403
2560
3021
1840
1141
6199
5015
1927
5684
8187
6944
5269
1547
2639
7755
8230
1831
2551
9579
8808
6964
1495
8340
7499
427
4569
7230
8870
6071
7446
5784
1825
6357
8804
3665
7497
5002
8679
9423
7037
3217
6367
2305
1115
5357
59
5697
7187
8961
5275
2347
5924
6769
7038
3422
3547
1606
7004
2416
7676
4449
4551
5852
806
3354
9516
4654
4707
4546
429
8095
7762
3147
399
5229
8503
6809
925
2041
5770
6199
4387
8045
9319
1424
7819
9218
9381
4822
1633
3408
5622
2536
9260
2779
5889
8775
7433
6948
3321
7861
5042
7434
1007
1793
2662
5861
4953
9938
7901
7074
6136
8640
5119
1807
6415
2937
1024
5796
4110
9008
9203
9731
1543
8462
2510
3784
3589
9942
7083
6909
4154
2124
694
1512
268
3356
7372
5221
9645
5272
2294
5781
263
3764
3939
6678
6700
4962
2473
7161
321
8027
6892
1864
6489
5753
1999
77
2046
9081
3337
6199
1204
4030
7710
7824
3737
5081
3044
3382
6704
1689
5514
6967
1805
9452
9996
4856
765
2468
2017
7437
6846
8908
9300
3334
4660
7650
9762
6705
6730
3098
9255
4286
3480
3316
2109
7216
8396
1504
6949
1451
9544
2462
4769
1348
8265
4764
6204
9029
3583
8220
6466
429
3479
2117
114
8138
9767
9876
1194
2848
9325
6800
7133
9156
115
9241
6372
4862
7096
9672
6312
6640
2134
7433
7987
398
2196
4190
5779
2131
2409
8596
2559
5887
7064
9024
376
3182
5251
7921
6030
4576
4720
3162
3731
4834
8755
6454
6047
5850
6126
8711
2489
4611
6143
476
1360
4690
4665
3490
6820
3426
2085
5730
5664
5501
4754
6040
8682
6356
312
1063
931
5032
577
1014
6217
9331
3819
2264
5180
6296
974
4021
7258
3468
848
8618
8157
1864
2107
4977
5289
544
7058
953
6044
8163
3344
1077
4519
3655
2140
1801
5038
2716
9166
1255
8398
2985
9870
9929
5632
7195
3949
2890
662
1148
7859
8818
3012
9965
146
4652
508
7204
5604
2903
1718
5299
332
2588
5306
8823
4389
343
7890
3554
7949
6287
2890
7818
6215
4874
5012
6516
7763
5673
7663
5621
4491
7026
1937
988
1678
8797
4543
3633
8051
6261
8932
8382
8848
589
7204
9588
931
5093
9494
8880
7731
8735
6697
298
3608
8061
3165
7722
3733
7179
3342
4575
4205
1631
5563
5882
427
105
9514
8477
2717
4797
3211
7917
5385
414
7504
2668
1859
6997
1547
9589
5732
4595
6238
5691
2655
9402
3413
6388
6581
3106
7314
785
4736
2876
3018
1514
9333
8883
6343
2049
3680
9553
9965
5416
9966
3821
8083
8176
7169
5981
4117
2900
576
354
8591
3230
6108
8355
5969
2688
1460
3283
9824
6196
2510
2841
4061
1842
1723
403
243
1754
9955
6559
7170
6273
6731
1604
800
3900
7585
4916
3151
8160
1622
8093
1389
7729
6447
3710
6768
7907
6992
6591
454
9501
9431
4514
7695
7505
4917
4289
9259
1223
7199
2780
7495
3930
4383
8295
7829
8319
9562
979
6478
1183
9072
4219
5263
1870
7928
2030
9776
1271
4972
229
7123
754
1095
1169
8259
2363
5457
3869
3585
9008
6648
7432
2937
7382
5726
7117
5701
1639
8095
8530
2822
3518
9100
4436
5388
3379
2818
1515
4649
7789
8096
8124
8543
9190
9292
6801
7904
1101
669
1488
108
3668
5271
3044
1049
7348
160
3101
8987
4606
1631
8160
4476
7082
2595
6215
461
5412
7729
1461
9553
5824
9584
8095
1365
8876
1247
9268
9976
8267
7108
83
1934
2378
9478
9334
9726
5989
2435
5064
594
417
3223
1421
7498
2169
7635
7958
3933
1716
9419
3485
7539
5354
1579
5256
4229
9177
875
556
7443
7982
6990
9376
6712
2819
5061
2789
8807
7495
7852
5753
7911
7426
7173
1761
9594
1160
9718
3526
2875
5488
7010
6765
842
4940
2020
1422
4116
2895
1978
1558
7228
5319
7285
291
8138
2346
3079
6944
6192
7282
9048
455
1059
6221
2215
7005
7380
8284
530
6606
3772
3892
3370
965
5183
1742
2386
5651
4636
715
7208
8215
6034
845
8506
523
9542
7936
3818
2085
1570
2866
2539
2628
5438
1105
5984
9169
9389
6514
5774
3160
6757
9143
4124
8291
884
2861
3941
1871
3576
7501
6438
9609
8345
4943
6483
4238
9230
300
6322
7151
3165
5213
6131
8602
6317
2114
7770
5705
4979
3543
5216
1735
9038
5691
6378
6273
8552
318
4496
2127
7818
933
8087
2514
2227
4569
6751
1456
4868
9425
8607
4385
989
4737
2986
7305
3202
7108
9362
8181
7002
4577
6267
6039
268
2644
8664
5171
2962
3159
7297
779
4091
1735
3293
6317
2655
6395
4124
3874
2171
9082
8258
3159
170
7596
464
3372
4703
6177
1552
1704
753
7818
4095
7372
6814
2758
2542
9775
2268
6190
6905
2710
4276
6549
5378
6930
2944
9501
804
1466
4935
9061
4625
5104
3008
1440
4827
7710
7616
2730
5766
4720
6900
9860
2092
3713
8969
985
3487
1236
7175
391
3945
1450
6940
9322
4732
6235
5174
5535
7700
108
947
8676
1564
3955
115
6390
8016
4082
5472
3781
8802
2371
3640
7245
6083
2608
8229
5921
195
1755
2663
4139
9557
5954
9812
4288
8540
4986
6174
2592
1445
7120
1267
3008
7426
7734
5750
5442
8167
1221
9222
6968
9943
9214
564
6025
8173
5145
8297
8368
6899
7311
8858
2807
3265
5022
7094
1804
7
3267
4395
1451
6739
2014
811
4164
9747
2912
9605
7913
4132
5179
1233
4074
4392
8148
6450
8916
3292
1098
7283
6543
8408
2493
9349
8024
7514
6443
9828
3872
6061
574
1674
2799
2587
2484
6963
8685
5395
2919
2950
5878
8097
534
6303
8840
8681
9104
7756
1973
201
1390
8515
4961
3882
7863
2984
7747
657
2811
1618
6718
9737
3292
9516
8675
2127
6478
3712
7522
9397
6661
9751
3845
7194
6054
2685
2226
5157
440
550
1710
1829
9064
6670
2063
3279
9653
9809
3935
8816
7779
7004
8552
1070
6520
3578
3196
9349
7289
7069
5097
3949
6820
8942
7494
2873
7978
9720
4381
4769
269
6090
6597
5685
2759
5011
5315
2412
1172
9249
7579
8950
2605
6130
19
9124
6059
9566
4824
3348
6635
9921
7296
9806
5214
1142
9030
3191
7213
3410
7959
3833
9500
907
9517
8610
5918
1183
7373
7089
6784
4951
6038
9388
7432
2408
8511
3491
8325
3334
6838
4959
9606
485
1116
4819
7978
145
8009
5190
9907
2319
5375
5758
3226
1243
4367
9143
2426
8092
2583
9209
3042
4972
8596
6826
3731
3458
316
2055
3143
3505
3366
2749
341
4481
3919
4671
978
1928
9860
884
4246
1586
6641
3823
2829
7359
9317
5254
5450
1899
814
8492
3222
5761
1669
6952
9218
1984
9007
8712
1840
2372
7812
8532
6852
1731
3202
4181
10
9414
5064
607
999
1704
4430
179
5415
3746
5432
864
1997
2597
5707
5218
8357
7375
8522
7574
5710
7528
2638
7549
9899
449
2433
3102
2179
5634
7283
8540
5047
8698
9147
2398
6754
9928
2576
2168
25
4360
3031
2021
6956
8738
3591
5313
2464
2112
9238
8174
9639
1875
2074
5889
8676
4506
5342
854
6492
2624
5746
1538
7674
4892
287
4427
1171
2863
6594
1195
7222
9624
3216
4177
4713
3158
5841
7177
5269
5079
1702
1259
3305
3775
7147
1980
4633
2488
9186
1124
1464
4931
9013
9137
6174
9300
3563
7344
2162
6508
4890
5735
6131
8105
6263
7196
1262
2104
724
2882
3534
2425
4140
3190
2551
1286
1522
7183
126
707
8306
7941
1989
3671
3429
4514
2970
3343
8209
1483
9850
3098
3569
2332
7555
9831
9527
5168
8286
250
8050
8171
9026
8541
1361
1577
6179
2882
8759
6304
9940
3417
596
8280
7087
4024
2793
6408
3718
1001
4242
3567
450
7810
2250
8004
7640
1777
9524
2278
8378
7573
448
3756
6113
8160
5332
2291
7393
442
4946
7332
210
1893
1963
7296
5916
4755
55
5985
2107
4296
9551
2557
2105
1801
6912
6097
9929
6435
8374
4658
359
5173
4765
6472
3333
96
5114
725
6890
6412
4409
7099
8304
6371
4395
572
7478
801
6556
9584
5097
2459
8492
7201
611
5404
9649
6891
1838
8022
7900
2197
3195
2665
5020
2879
9112
6485
3603
6001
9248
4363
3100
3904
7086
3846
4475
4563
4646
7382
498
9742
6192
8990
3295
3154
4393
2943
44
2582
7317
4296
1130
6863
6960
6149
9741
6071
8986
9695
8424
8233
4058
1523
2136
1143
5368
2962
2057
13
6696
2554
6107
2887
7895
9401
2393
8639
8695
2436
7573
2363
3083
8702
9225
42
1203
8965
2465
188
8660
888
4772
2717
8762
3260
211
4129
6221
8619
493
9268
7524
6599
2155
5419
2351
4547
409
7398
3334
7981
9760
6417
6683
8985
2810
7885
7949
1626
4424
2960
8865
9195
5676
7626
8806
2238
8106
5027
7208
8599
4294
4732
5197
2800
6502
7548
3698
6910
4945
3384
1243
1056
6152
7925
40
5313
2161
4341
6939
2936
7300
2155
8482
9328
9781
7288
7917
7886
2314
5125
6484
2959
6208
8033
2111
2709
1932
2160
5970
6876
1895
7212
4283
8046
1488
4323
9711
10000
5015
6649
2935
2314
5155
1417
1641
4935
5056
9558
9173
7369
1034
2008
6679
7241
40
5141
9949
1971
3653
2270
5198
5547
5834
9481
9945
7321
155
9655
3673
5169
2655
2959
7482
7809
4375
5475
9096
9430
1384
8268
3150
2417
275
6181
9657
6667
7673
5957
8637
1325
8226
3835
3224
4059
9667
3168
7732
9821
9174
7756
1341
1828
714
8822
5988
1441
648
5083
7222
2031
3350
6724
799
9977
2904
455
6643
6928
6411
1631
4605
989
1817
7828
1399
1483
995
9130
7655
6520
6885
8995
8347
3951
4169
4334
5391
1168
5769
2612
3199
5470
9335
349
5446
8590
804
8440
1870
3566
71
6474
4554
8239
4301
2305
9722
1647
1434
3728
8166
4671
2723
2864
4973
3243
7197
363
4410
2965
9326
3960
8435
8661
4309
232
3602
5112
5024
5471
5029
1446
1944
5935
9684
6244
8239
5757
4242
6024
9485
2407
7046
2207
5270
2018
1801
8819
8732
6210
8135
8058
170
2921
6718
4478
3153
6671
5941
8176
2142
969
9621
4085
3255
9304
6681
7845
5061
7274
3869
897
9681
7266
9455
1302
5636
1255
6472
4367
7464
4607
2424
7633
7527
5493
8462
7031
8516
4402
5206
657
1723
1178
1093
1329
6834
4125
9174
8246
1399
9394
9142
7431
6659
8596
8732
2294
9850
1556
3013
3665
6162
5436
1298
40
7281
9759
7071
5796
513
8628
2804
8587
6158
3896
9915
2991
8021
9088
7588
5771
8481
6729
3201
5140
1676
8284
3785
7877
9839
6797
1541
2352
8585
9190
2392
2217
8949
5814
4364
5813
4441
7167
4399
598
1062
4313
9940
5434
3401
7527
7556
8233
607
756
9724
2282
5392
3509
6510
5230
6657
8051
3934
5241
7240
2677
3809
2540
8490
8172
8352
9282
5338
2750
6232
2752
3415
6171
4537
3167
50
2093
1399
7008
9200
1123
9290
4591
983
2151
6173
7639
201
106
9232
7441
9134
9392
6332
7623
7564
4684
6904
2901
3785
9487
2004
7199
2010
6541
6717
2059
4985
8116
9066
4184
5590
4707
5127
2924
6858
7651
6914
3410
4108
2497
850
3241
1889
7182
863
9452
8217
4118
8704
8353
3605
708
1904
5614
3600
8620
4024
4936
3087
9441
5471
8676
4148
597
7951
7357
4599
4865
766
8706
7361
7968
1946
5601
1501
2808
5052
9717
3278
108
4421
3234
815
6324
5199
766
4944
9222
2053
8030
8662
7523
3058
9161
4472
1008
6517
9070
2224
3635
7776
5937
1602
9721
1537
9454
8881
2941
9170
8510
3048
3590
1743
214
9914
6941
979
1209
6162
3031
9238
1175
6905
2295
6688
1376
9655
3204
6798
8230
3190
4573
4166
4791
645
5703
4244
9525
8643
9765
8034
8042
9707
6128
8255
5972
3068
5585
7180
5581
4967
2769
3108
1871
1416
9795
9599
7422
9350
6396
5651
2540
7320
9817
3682
7964
1871
7926
3841
6865
4042
8226
4906
100
4354
9512
2423
3773
5096
5954
5706
62
8723
8813
8284
6490
8607
7882
3911
7956
629
9561
6847
7948
5729
529
5912
7599
4806
9752
815
8847
7977
5720
5299
8682
5231
7721
2455
6678
3675
8160
6739
8749
6972
5023
5238
1930
9256
9148
6237
9885
5060
3084
7832
789
9964
3743
4739
4769
9846
5554
9967
7823
7625
5265
2856
9208
9338
5310
5885
3012
3469
8976
8112
6792
3998
3349
5073
9605
8848
1310
9489
3907
745
7321
1047
708
7415
5786
5476
7261
7691
1794
1435
5315
3411
4290
874
2748
5952
6759
2111
5772
2086
222
2564
2435
3570
7636
2039
8769
5297
1528
2675
6041
5200
3722
6748
2614
5859
8575
6226
3549
6721
4012
5215
131
4654
2441
9230
605
9199
1340
6376
7636
1561
8939
70
1482
2927
2108
250
8223
3635
9276
616
8834
9349
7363
7800
1559
2290
4025
1459
5362
4389
6674
5492
9042
5466
1073
9646
4664
2412
2373
8651
324
7664
8720
8157
590
827
4758
5164
814
4033
5779
5999
9734
9494
3798
1292
8135
4175
9103
3496
8563
2128
5339
3956
7593
6411
3601
8608
8822
5973
7258
5497
3636
5977
3653
577
3155
4762
5741
3968
8794
1519
9967
4879
7364
116
2523
5498
642
1625
8993
5556
3752
683
9511
7696
7093
9463
6303
2266
1788
3560
4114
1775
5888
7766
2352
9042
2527
4444
3010
7673
2314
9328
8903
9678
5795
7777
5175
2789
9401
520
8344
9504
1202
4207
7199
4647
21
3501
6912
1808
3412
7378
3583
9299
5143
2286
8341
4022
6729
7702
8046
9042
7029
3300
5071
9175
1077
246
1963
6829
7117
6659
6333
8318
7217
9883
2964
7237
9736
6228
5397
3147
3605
8979
2446
5099
7616
7138
5472
696
4839
9869
6089
8219
3169
1160
7393
597
7757
5708
7425
4873
8718
3757
9542
5934
9992
8858
9522
9727
5085
4918
2873
5041
248
1670
6491
7863
8807
8315
8558
3645
4535
4647
8215
4055
2158
1960
4651
9914
4019
2076
4786
2736
2184
4327
5021
2175
3184
4542
1901
4620
9460
1126
6012
9707
2795
8855
3922
7954
3521
2479
7950
8055
3477
6165
2110
5634
8124
6760
1899
2142
8835
3036
4877
1019
3715
6249
9545
3250
790
1446
4222
249
2571
233
6308
1717
5439
229
9670
8959
2707
7620
7014
2536
3784
5475
4521
8259
2234
6420
400
7421
5807
1628
4791
9521
7876
4335
2771
5017
2132
6992
5266
4702
3576
7925
2771
9015
8153
2440
4325
7211
59
7690
9746
194
3164
619
8452
1750
3390
5203
5522
9196
3182
312
8717
7409
998
7839
2426
3130
4830
4043
4183
4757
1967
6953
123
119
5745
4448
3681
2155
2137
9779
2349
1653
397
7152
3402
3786
8707
5275
9333
1888
1938
8049
5649
2935
2239
8074
2416
3420
8468
2951
8177
434
6255
8299
6904
1999
2746
584
4154
1235
362
2854
2887
7110
5
2640
895
5063
7914
228
6951
9851
4628
2599
9137
6867
7024
1553
6638
5491
855
4814
2276
7109
9465
5531
9108
8562
2466
9613
9796
9180
2466
9034
6289
8822
1673
3536
3885
5938
115
7187
5788
4742
6137
1277
7960
9512
2829
4598
5002
3683
5763
3629
7143
5227
9159
6250
141
7976
5862
9936
7155
4679
8970
3444
9853
6994
3331
3737
2932
3445
7275
5071
4538
3411
6347
2498
2922
5527
3447
4275
5561
5561
7903
2704
7140
3413
5305
7280
1388
7519
7215
4895
2197
2536
8338
2049
5882
8020
2137
8813
1464
9411
235
6001
9173
6582
4850
2094
2108
8296
2720
4021
209
6974
6724
7348
6738
2028
4627
8126
9546
8193
3020
8095
729
7709
143
6610
5728
8632
1774
3543
4394
2008
9543
3567
4941
4393
2012
3401
9040
4732
7421
9248
8057
4144
6595
4795
2523
7573
2920
2069
5766
2291
6515
2846
6351
3009
9455
8430
1640
7580
8324
6034
5939
7866
9600
880
8610
7963
632
4002
9046
8052
3249
7103
8547
6196
1897
1069
3768
1168
9489
5885
9810
6003
8730
2512
9012
4536
941
651
2115
9264
3036
4406
3481
8987
1637
8443
6950
2268
2444
5995
319
5692
3097
8865
8239
1345
6285
8359
2512
5774
4243
2321
1776
2973
4832
787
7508
2124
7790
5975
7739
7177
380
1220
6164
2016
6014
9465
4283
8457
5459
953
500
4908
9817
8739
6252
2453
3449
5116
8226
7691
7436
2
663
8620
7140
4523
743
1281
497
8482
8458
7228
6053
973
9243
2066
437
9877
6874
2247
829
7373
7154
6997
2463
9758
9449
5911
4873
4027
3602
8660
380
616
7279
7519
1490
4374
5152
1986
9207
9961
5565
1611
933
4807
28
7721
1035
6901
9967
1863
4273
3473
5211
6736
3230
1012
2646
4454
5038
2599
3113
5417
9567
6744
9287
1056
1117
4438
9394
6675
750
4958
8285
8034
6117
8312
5754
7151
1564
5721
5366
5836
9193
576
8923
8774
1587
7921
3227
2976
519
2691
8392
85
9434
7679
7493
6902
8468
6886
9928
9218
1843
8212
7251
7959
2875
3005
1462
4438
5077
6827
6626
621
3754
1900
9394
1693
9820
8972
4668
6691
8014
3060
3127
7448
738
619
701
9205
7504
629
4774
5699
5192
2025
9
4419
1381
1470
8856
2809
4648
1833
3429
8402
3733
9174
94
9904
4497
4761
2946
2510
4172
6073
6309
1261
3043
3362
466
6899
3990
1591
2597
5533
3615
2605
9951
1347
427
5159
4155
5074
3343
3935
9827
7075
9460
9920
3331
3956
1033
6276
6466
1556
2348
2774
2817
5391
6135
9634
2289
6476
1224
1237
8361
1191
193
8311
2537
619
9821
3044
2045
3164
6978
1871
6590
6438
8143
9920
393
5527
6196
3210
7082
4895
2336
6250
6637
8470
5883
5277
1298
3459
6513
9658
4649
3058
4320
7185
28
493
228
2072
3656
3558
295
6597
9995
8437
2869
6739
315
5416
9949
3748
310
2284
9998
3299
7105
2232
8575
4754
5690
1440
763
338
849
1435
3875
876
1927
4102
2948
1934
4011
3242
8530
4005
8030
7750
7096
8344
3165
3396
2091
3475
2031
8440
3125
9135
672
8051
241
6361
5842
1003
3051
6690
2437
6925
7566
715
7378
6865
2648
1389
106
7530
1745
4487
5279
8840
2830
8444
8587
1272
8270
617
9712
7746
9752
383
5796
9992
3095
1638
7346
6145
8327
6135
3069
2244
6849
447
9108
5849
8187
5565
3378
9931
51
5008
5123
2880
9803
3709
504
4424
4326
215
2169
429
6949
7965
6772
43
5954
4117
6188
4280
6603
5608
2876
3452
2406
1983
9300
592
7548
9029
6875
7598
4036
1997
6830
191
2057
7333
4614
6382
3899
3135
3162
847
7451
6285
889
3404
6754
3428
4035
3356
9036
6910
6807
7793
8893
6106
8385
2792
5134
5259
389
5522
3607
7218
5712
5663
902
325
8397
4800
9811
1558
5646
7261
7843
2887
7016
4596
2666
1051
7951
8053
4312
1110
5846
9556
7215
4230
2347
8701
5840
2736
4222
9446
6305
9933
5108
3559
6609
3504
8358
2772
1414
356
32
5608
9594
7048
6555
2259
4450
857
312
8761
1966
6157
4669
5533
6738
7015
4233
2577
6102
8454
2022
2407
4738
7129
5965
7698
6985
674
469
4750
7381
6853
357
6974
3900
3263
9233
4701
4119
9544
9813
2437
2052
4481
7969
8789
1496
2201
1365
7597
7006
3386
6355
8095
6866
8671
2144
202
9345
2613
1303
6725
9465
1659
51
9716
1273
9283
768
5392
5178
580
7828
7229
5061
2148
6017
2908
700
3733
6856
4057
3470
3211
2151
6687
8233
4294
3241
3929
3258
4543
654
2722
2554
704
8789
3826
6338
9556
9217
1515
136
3396
5095
1548
1895
7463
807
2594
1195
7662
6650
1016
7224
8800
7702
5457
9446
942
9385
2703
5485
6390
1777
4390
3445
565
8215
9782
121
3784
7648
6608
3531
2742
4507
5426
204
5313
8019
7750
2974
4669
8765
6550
9820
2819
2006
9265
112
7742
8320
1948
4132
96
6337
3928
660
4552
3710
7132
8335
7709
3739
1865
451
4597
7290
7006
9909
1661
4756
9235
6329
3520
5784
6148
2690
4141
1765
2802
1882
84
4749
2365
179
1086
6293
7190
5637
6354
4322
323
4062
4412
2187
4512
9009
5829
7870
5269
7489
2625
4503
169
2496
6638
2668
5186
778
4432
7987
9012
867
9087
7728
7397
172
4020
939
2160
6725
5260
2482
787
6023
1021
1650
1383
6849
9519
6652
689
2143
7506
857
991
4144
9876
6176
1273
660
514
6636
1526
9600
4364
5275
9772
4735
6213
1931
1460
7824
765
2246
3846
1785
3895
5229
4985
9766
8232
5673
1908
5737
2881
9250
9880
2756
5425
7505
3415
5938
4140
1293
1890
8503
6567
8013
3238
2779
6295
1049
602
7059
3294
799
8843
3540
6027
3827
3305
610
5851
1565
