4268
9004
6686
9500
3302
9152
8748
9816
6450
4176
904
8008
902
714
4102
7392
120
3410
7708
5576
2420
4820
8100
962
9836
6778
4312
4114
3360
2716
2592
5472
9714
9752
7506
1292
5256
6698
650
2328
9212
5140
6000
7178
6738
9118
6072
3996
8432
418
4308
1796
4890
9092
3362
7766
1710
6818
1026
9178
3362
4854
2360
1920
5484
8002
64
7780
1734
8626
9744
496
5608
6200
2824
1906
8852
9844
4336
8688
1528
6260
1330
4470
3826
9156
3422
7638
2844
5146
2506
9788
6552
9426
7894
1232
2414
5792
8238
9576
496
4740
5330
5098
5666
7586
5264
988
7762
4524
5252
8618
1044
2434
3668
7710
9128
902
7338
5770
9340
4746
1430
4212
3922
8996
18
7796
7822
7438
3454
4132
7668
2974
9148
8722
4850
6156
7018
9596
6430
7594
5322
4740
8960
9212
9588
8256
5246
7612
9762
4612
6996
4764
4548
9070
3968
9048
7160
5740
9160
4680
6406
6216
1196
1238
8616
8796
1142
5576
9122
7306
7522
9686
1604
4258
1528
5506
1066
1874
7174
3730
4030
7352
812
3838
446
9882
1432
5526
8190
1060
6658
5204
6016
2362
4072
4786
5046
4704
3896
9802
8008
4690
9556
5188
9788
4608
8842
2672
5356
9410
3836
9662
5596
1320
1244
292
2168
1538
9808
8392
8896
2198
6486
6540
8892
3910
7052
1484
7076
1002
4516
5740
918
2246
2572
7144
3074
2312
6620
3890
7198
2914
5572
7140
6994
9118
2710
5664
1878
7642
5110
6134
1276
8132
5216
1276
1046
1188
9658
2808
8024
7476
8514
6516
2532
7176
2542
824
8070
9272
2836
2814
6428
3148
3826
7786
4082
7290
7460
8738
4792
6856
6834
6254
4158
5850
8116
5742
3120
7014
46
2130
7408
8746
5868
7196
2470
226
5844
4902
3346
6468
9070
8676
7200
5824
8032
28
9158
3168
6436
1856
9328
656
1126
5388
8752
6428
1952
1534
7632
4574
7688
4068
8186
6086
6928
8404
5156
7208
6900
8522
9728
2036
6892
7294
8914
2208
2534
9868
4782
3078
8452
8562
228
5304
3860
1854
390
4802
3378
4804
46
1870
2210
7840
2358
3364
1598
5866
6728
8362
1682
8822
2420
6134
2634
5742
9532
2024
6908
9530
1094
1366
9470
1484
3688
9044
6254
6722
2624
6358
802
6012
3724
3634
8758
7004
1140
3288
9478
5564
3996
2066
7846
8174
2010
9420
2052
4372
8096
7390
8774
8998
1944
7362
8652
3598
3938
4488
9072
4420
8730
4248
5660
2356
2356
8128
1398
6946
6410
8204
618
4756
6072
5634
1622
2612
2704
4866
3280
6302
9004
8616
4418
9568
9184
1378
2622
6752
7436
5640
6610
6828
1754
3872
9080
7306
6534
7162
1488
1126
5506
686
7336
1146
6526
9926
4520
3420
168
6132
1010
3826
142
7386
6762
762
9410
1268
3532
1476
7178
9856
114
7142
5048
7066
7970
3812
6676
1850
4702
2788
2606
3718
7158
7422
6666
2824
1682
1318
3764
9100
1688
6082
2526
4812
6298
6088
2338
4882
8788
4660
8552
4698
150
8456
1428
8804
8884
4286
5978
7480
422
6352
8946
6358
8468
3298
1826
7982
5990
1968
562
5534
9096
42
6242
6508
2958
1874
4968
9728
3436
9530
8322
3054
8404
8366
1026
2184
7582
3618
8578
3030
4808
3774
6350
8994
162
3812
9812
3284
622
9436
7998
9350
4836
6588
9822
2760
3238
7666
6462
6846
5956
3562
1410
8228
6010
7906
8850
1166
8396
5790
2252
230
2480
1828
7576
8428
8652
7056
7300
1880
6806
1742
5112
8782
1198
7796
2234
9716
6388
1088
7728
6264
8140
4444
1284
7162
7908
2204
5766
2348
1340
6138
9090
8736
4548
948
9902
8332
1488
9064
3166
822
2896
2378
8662
1032
1870
5326
9754
7796
9148
5278
3800
596
5504
10
692
1372
5652
9948
9352
7142
624
5446
2986
6906
1640
50
3124
6036
7528
9672
8588
5970
9236
3300
4768
1012
3134
3242
7290
3418
7134
5426
8770
92
8998
3526
3056
5658
3740
7080
6280
2274
5048
5794
2132
426
2046
3982
4074
2152
134
5886
3488
4052
8320
4940
226
5226
1902
798
8618
3298
2952
9170
7674
9502
6854
3616
9290
6168
9766
5100
4062
2660
1586
2382
3952
362
1778
2706
4730
36
5366
3230
2506
8492
8550
146
4758
1210
4018
2084
5018
3704
5400
6878
3286
2054
8148
6080
5662
5006
2102
4212
4530
8558
3136
5778
1736
9376
3234
7994
3290
204
7932
6448
2462
3820
6588
2920
8108
5350
4522
7454
2722
7264
8996
8706
2126
40
480
2616
938
8898
1438
4322
3820
8568
8992
1532
5028
5186
6968
9096
2474
5184
1796
5814
8654
9122
5420
8546
2236
6602
1780
4746
7454
4276
5640
9580
2516
3420
824
874
3360
2820
206
4094
7874
4400
3984
6286
1438
302
176
244
7890
3086
4314
1828
3932
1304
5786
3966
916
3956
8930
7962
6658
1750
1950
7750
1366
6110
4048
7782
3568
9086
6684
5466
5834
1108
1152
340
6578
1318
3934
34
5312
6390
4622
7192
1026
7380
9190
7280
7744
4200
3780
7434
9252
1336
4466
1416
7300
5870
3764
9150
1402
7308
7246
7582
9814
8782
3000
3276
7644
9214
9336
774
3158
362
274
936
4570
710
2494
6818
8880
8128
3010
8100
1456
6430
858
5170
7802
5038
6966
9364
1992
9212
1424
5450
4048
6404
390
682
7544
84
6222
2892
5524
4444
2520
1656
5578
1998
1464
6650
9262
8558
5254
2884
9890
7888
5196
8230
5848
4800
8444
4856
7640
2534
8892
4750
7242
6930
5580
8220
5364
2496
9288
794
7270
7570
3440
7976
2254
4890
1512
304
8760
4896
6708
330
6612
8120
1412
6606
4056
5512
5392
9790
1354
9756
4072
440
2936
352
6062
3134
8020
1886
3226
1408
1814
4768
9102
3768
8994
3174
6682
5888
3852
6320
3538
84
7398
6048
8806
212
620
4374
3210
3220
6978
2788
4774
9638
9050
5400
844
2570
6396
4744
5686
5100
2956
5722
8296
8482
876
6448
1350
3520
9046
7954
1586
5342
134
4786
8096
3712
8112
8110
7796
5956
9468
9940
5700
3746
1608
1672
4330
7570
2400
3496
4076
8002
8890
6278
3560
2576
7498
9374
654
1046
8974
5172
9788
6756
8972
240
2604
5090
2394
2382
8668
696
9568
8852
3482
8212
6410
8866
1838
9972
7286
6600
4042
4792
6992
3014
6260
9572
2010
5632
4184
4046
2160
5660
6194
7244
4502
1138
4112
8870
6042
8302
3590
4794
7214
4838
474
5618
8276
934
4256
4366
9098
3982
7822
3484
5590
8758
3348
8260
6540
2580
4306
9638
2564
9498
5344
882
8234
3426
3546
8536
9686
9172
3234
8706
7558
8204
9724
6856
1780
4086
4950
5206
540
760
3392
9778
9610
4318
9712
2084
9518
5274
1636
9024
3046
4716
1684
6578
3092
2836
9116
6722
2922
7518
4306
436
5060
9058
5964
2146
8870
232
6460
1426
4320
454
1588
3488
8640
114
5238
7102
9850
9210
3866
8694
5478
5110
186
1026
6500
9778
352
3850
3622
2780
6980
8564
4544
9708
224
3232
6638
168
2876
3404
5336
4988
1160
1456
3842
6382
9754
3304
3530
9270
7058
6854
3656
2600
4642
2314
1608
3810
4178
1398
3178
4578
3124
4116
1946
4096
1982
9986
918
9994
2916
9620
7318
2922
1016
714
290
5404
2530
28
5400
8082
6812
9224
5804
9652
5656
4280
1738
7972
8574
6410
9076
4228
360
3752
4010
9576
7310
9782
6664
1972
4754
9584
1128
520
1460
7934
1064
7708
4228
9886
3986
4954
3300
1452
9356
7340
2662
2916
2552
1742
1262
5830
2962
2530
4192
9722
8452
5404
3162
4782
3918
9982
8736
3134
4836
7720
3364
8832
9766
7926
7656
4656
2450
8094
9216
5824
6272
8946
4528
1910
4504
8152
8606
7440
870
4146
6976
8142
9712
4368
9778
3624
5176
7070
2266
2904
5416
7310
6318
7654
4340
1884
7026
8172
2904
7316
8114
3384
8266
7260
7356
9566
2440
8016
5836
7968
3168
9500
2532
6242
750
9702
1390
5702
1076
5838
7900
6236
178
2942
6710
1634
5962
4892
88
3610
2088
7918
7780
9982
6956
1850
4074
2524
5292
8274
1910
396
7930
6472
3240
8286
3528
7658
1852
7840
9516
2054
1228
6000
9566
9738
7372
1076
5670
206
6752
9422
5978
9288
1716
4504
756
4582
726
2472
7540
2632
80
5928
8420
6342
4034
464
1854
1552
3428
578
80
2580
1716
5040
9604
6944
7796
8108
6178
5994
1432
6818
1004
4530
462
9146
2896
2550
7586
6984
9288
1802
9832
1526
1724
9410
882
1238
6368
578
1148
10
3364
8668
7124
3650
2670
3240
9130
5340
7988
3434
1908
4890
1316
6344
5174
1760
3730
9872
6366
172
2192
8218
2600
5304
8938
5142
4604
4710
5758
8128
5386
5218
5960
5560
5382
9528
6974
9438
6722
6996
4370
5042
5426
3948
6644
9170
1248
2888
3766
9636
3454
9756
672
9092
4444
7768
1080
5334
7102
1564
2732
5086
8730
9644
3656
5958
7150
5724
6306
8628
3156
5510
1366
9688
490
6900
210
834
3820
7626
2848
9214
2610
2184
1744
7532
4810
2762
6848
2604
946
3504
6674
2744
5632
9930
9452
5414
2292
766
5844
5262
3698
5090
2274
7560
872
5754
1014
5740
9992
3828
9896
4008
5842
4808
7736
2132
6994
6970
8550
8934
6302
5788
4898
5142
6530
9244
3378
9278
4878
3340
2234
1012
8952
7218
1834
7382
412
1304
3222
7582
212
1806
6530
5084
9126
7312
2692
9596
2836
1644
5928
8958
5492
6264
8250
2104
2722
1102
2736
9954
3320
8592
7750
9108
2286
6708
5218
7528
4360
4788
9882
9410
54
6832
1536
6948
5474
7428
3608
7480
5986
7048
1284
9594
5836
7056
360
2646
846
3608
4010
3378
4286
2520
2834
4844
798
676
6268
1716
8536
5128
1704
7916
8990
8270
8146
2016
2848
7502
2716
9476
8510
2486
972
1344
7968
6628
1488
3276
1744
6366
1834
232
5782
2228
4070
9674
2498
5884
1728
9466
8852
1714
2564
3200
8714
8350
3822
3176
3056
5332
7008
120
7892
3498
8594
2520
3056
5310
9400
5004
4546
7138
414
2016
4190
7422
3122
9740
9736
928
9572
1844
6414
4392
4044
5678
4972
3206
2536
5880
1056
3106
3842
4418
2652
6294
4168
950
3154
8588
4744
3858
938
8038
1328
1538
1268
1666
7466
8408
5648
1538
8452
678
5730
4266
8970
6856
7740
9718
486
8278
320
1686
5822
4752
8680
8148
2598
7204
7518
7528
2198
5884
4978
9044
8058
9458
7822
5128
5622
8712
5484
6784
1662
2112
2612
9542
6202
7536
5544
7102
8374
8392
2190
8784
9514
3996
348
2722
5952
3554
826
3848
3858
9336
2264
5002
9154
7726
1510
6038
3350
5844
6452
8886
5322
3592
9026
6856
5660
714
2528
5174
7636
2764
4404
6222
732
5658
9398
3982
9784
448
8710
7966
4544
8948
5304
5856
3622
2528
6290
9674
5124
6426
5386
6430
8580
3960
1794
7602
6342
8100
9082
6302
7474
7130
5738
8104
4978
232
838
332
3976
5208
2416
1878
5980
914
5286
1844
616
2474
9166
7714
1810
2620
7954
8910
2504
1734
754
2424
2374
5050
6684
7252
7304
9582
4920
2334
84
3888
4092
6214
8818
3768
7152
9926
7956
5382
4686
7740
4412
1922
4598
7144
8378
2528
9842
8446
5840
5620
3908
2156
4174
5746
2018
3326
9772
3198
7008
2830
2370
7888
6954
4956
1600
9592
4926
2508
130
2790
358
2516
8154
5322
3552
3232
5090
3794
9944
1082
8006
1528
9104
8720
3582
2270
238
3678
9518
4384
7568
4390
3832
9956
5038
7566
3456
5256
1912
4760
5222
3238
2650
8068
2870
434
5250
1040
1626
922
4086
8796
3356
4686
6836
6142
2092
2686
1326
2544
4228
9664
8008
632
5198
5700
4110
7474
880
7956
5832
1660
1146
6938
5834
1010
9526
1678
7682
3110
7412
2896
8062
6438
7888
2316
1032
4474
1040
5650
4152
1042
6014
1204
7462
7678
4012
3680
7670
4906
7920
812
6680
3272
3416
790
5456
3398
6676
5938
1528
6474
3084
8784
1064
8818
9396
902
312
382
3176
9944
1746
5552
5952
6584
3624
608
9302
4830
9694
8862
9686
5982
2734
6000
6914
6882
382
7296
3924
6334
7538
4200
8146
7844
4138
5058
2904
2408
3312
6884
8702
9192
956
258
9682
8492
5732
3894
1174
9914
9292
2398
248
1366
4806
8132
7782
3940
9238
7128
5436
6960
7160
8702
4912
3248
1382
3996
2156
2116
136
9980
8344
608
1050
8966
8268
5446
3198
1982
6474
8652
866
8854
1974
2480
446
7680
2032
506
4404
2942
2762
7586
2270
4572
4202
5776
2972
8442
1474
2278
4530
2162
6378
2462
8500
7706
7356
2344
9286
6326
622
5788
1954
3454
1976
6360
4012
3182
4132
1696
1880
326
5178
1838
7148
8578
3642
8802
5420
668
4954
4880
6662
8920
8164
9006
5572
5550
9078
6396
3266
8532
1378
1462
1732
5340
7934
5078
3258
7574
7608
2836
3976
2592
9690
1592
5074
6356
3898
2896
9240
2414
8340
7136
2060
3280
22
2658
7202
7468
5852
9268
6534
7208
5690
3758
5106
6806
7650
8426
2522
6984
726
1934
8212
1302
9454
7622
1608
5508
8500
2124
2880
7730
1352
3766
682
5600
8890
5418
8410
6838
1906
244
2800
3662
1186
8844
3336
9688
7530
2484
7732
8472
1734
2938
8978
6254
8836
3484
5398
136
9538
6162
5106
5526
1310
3798
6278
1334
50
1084
7112
8710
9008
5106
8862
9472
5734
712
3040
7804
7188
9840
4406
7736
1566
3582
2044
3182
5766
1834
8558
8314
8930
1062
7940
8408
3458
3386
2730
6036
610
5170
9636
5670
1556
1258
9190
9956
1440
1776
258
8100
5532
6530
9982
3754
8756
4042
9822
4794
6386
2546
3830
6978
1526
5924
992
6416
2406
4924
18
6810
8998
3508
4012
3180
3692
4814
4642
7528
4460
76
7136
7540
3584
5552
3734
670
5266
2316
2308
1212
1154
6534
8446
5970
560
606
8064
7014
4244
6636
726
1860
928
1924
9716
5794
1058
1852
562
9874
5504
5390
2516
3726
4692
8540
9850
1198
7260
6608
5604
1776
7612
5508
2574
1594
6374
5714
4144
9798
9522
1656
2966
2658
1186
7878
6254
9950
6936
2506
6752
8632
480
452
7382
2314
6764
9610
8718
7446
3088
230
34
5296
2790
2528
5834
6642
5852
4076
4976
4660
2374
7712
9520
7262
3562
9806
778
6402
838
3196
8778
1964
2936
4682
7052
2076
1634
4684
1992
850
8196
9550
9650
1008
5506
804
9616
3062
7912
3614
1064
4292
2122
2184
7068
2172
2820
4206
7190
3834
7104
614
2290
8692
6518
5664
5404
1740
958
422
8122
4796
1150
6640
3030
9612
2374
8932
7496
1724
8596
2022
2508
9276
5492
6808
3550
6230
2030
9788
9986
5434
9814
2090
768
5928
5512
8590
6140
1190
528
8324
8192
4562
4828
222
2790
3410
9482
8222
1480
8896
382
2794
8758
3196
596
472
7162
788
4536
9820
6984
9262
7566
8536
2982
2258
534
4894
5776
1000
3162
204
6042
2622
6522
626
3434
3942
346
8604
4534
1962
1990
962
1618
9458
878
1852
9278
3888
358
2140
3350
2126
5880
3002
2550
5654
1822
6034
3940
7530
3236
2912
100
5750
744
34
1752
6682
612
9386
6510
4020
2360
5114
1956
2954
5726
578
4806
4990
2704
2884
1534
7292
7574
2710
7966
4896
9470
6008
3978
3998
8614
9214
630
4444
7352
9678
1242
9540
4280
3474
3124
5168
6084
7108
9154
5742
9848
4844
8092
76
9360
5372
5898
1318
66
3020
9022
3996
3714
5246
2960
5862
7186
232
8200
2558
7382
924
6984
5616
4270
7136
5318
5318
946
7636
9716
3922
4004
5872
5490
3046
9532
8196
6292
1720
950
5278
444
5656
8548
292
9510
2416
3442
9380
9254
6050
8006
6822
1660
8494
9624
4990
5894
688
6916
8078
8968
9036
4354
2324
1132
3042
8180
6402
4704
2418
4000
7528
6640
4720
8272
3244
2834
8764
9876
7024
212
924
2414
9050
7380
9576
3866
1580
4572
1872
1614
1826
4286
5402
9924
9784
4790
6264
3176
3526
4898
2084
6370
6212
1890
2532
9988
584
5860
6634
6272
710
6242
6858
722
2498
4942
156
8688
1536
1804
1220
2828
5944
2250
466
648
3286
6916
1656
3150
1624
4258
7382
9084
9840
7414
9664
8790
7276
9038
2306
4712
7056
616
5860
1756
7042
584
7176
790
8124
2286
4114
5034
4022
7482
1934
4218
3014
4854
6006
5516
2978
3194
5744
2324
8242
734
4080
3390
7884
4634
5850
3944
8284
1402
6510
8232
8912
5176
266
8894
9292
8190
1710
2710
2968
9724
3596
6608
1728
8278
5718
3704
9170
1678
242
190
9898
1118
8484
4022
7804
8576
7704
2980
4218
4238
7112
8750
6578
8342
8790
262
2386
8146
9770
9484
2988
4362
1804
650
1892
8618
2682
8666
8522
9702
182
4500
5616
8438
9488
1232
1800
1110
1394
4012
2502
1576
8512
7354
8310
8566
7870
2604
3870
1276
2122
9440
9810
6088
7916
7234
5236
3056
2162
8354
7396
100
4246
4660
8984
7164
6492
5408
2214
1804
2380
434
1490
7324
66
1862
2798
5772
2310
9390
4722
364
4246
9668
6848
3492
8038
4290
2382
6280
6922
9184
3590
6566
4032
1002
8206
7908
6260
6412
2326
7526
9222
8592
3816
2918
954
1090
262
5362
8110
9980
9948
8794
2378
8182
4832
6178
7200
1494
6314
946
7158
6498
5546
4992
1012
2440
3278
3940
7170
7706
726
6382
7454
5696
9686
6270
1932
6794
7844
54
9462
6796
9236
2912
4820
7532
6422
8024
1590
100
8716
2456
8416
3828
758
272
3452
9876
1530
3504
5474
1794
1392
3958
832
4220
2220
7852
4722
9554
2662
8078
8708
808
9976
6270
5880
6998
868
5558
9338
3326
3414
8350
3204
8004
7564
4592
8990
712
5536
9116
1338
6676
216
7422
6094
4848
8096
9626
6908
2316
6320
9516
824
8012
6186
1426
9486
7008
8968
8610
8742
3858
4750
7944
906
9242
5498
6058
1278
6598
3946
1046
7898
2632
8892
5310
3640
3572
8302
9540
1500
7098
318
3356
5730
4036
3778
8540
2274
6342
1982
3972
8790
7092
7290
3054
1976
4612
4444
7934
262
8040
9724
5980
3912
2536
764
1838
2702
3646
7984
70
3360
9022
7166
4298
6416
4570
2686
8126
1606
9976
172
3242
9738
8704
4364
9576
78
7858
8926
2300
5142
2894
4134
5480
7954
382
2658
1796
696
9020
4624
1336
1328
66
8996
1542
3036
2498
3756
3976
6034
9400
2042
9508
3462
7602
5784
9316
2104
2474
160
990
5782
5966
4224
8138
4588
3066
3232
8916
8100
4392
5910
8072
4222
4152
7542
1078
3856
168
7940
4768
3096
5250
7598
5184
1276
7520
6020
7364
3312
5268
6288
3050
9496
5164
8534
4302
4350
8014
1974
4264
866
2892
8710
8520
3598
2190
6370
6062
1632
8280
9296
9096
9712
7380
310
2008
5406
1732
4226
1552
4116
4562
4062
5242
6930
1306
8584
8834
7284
9708
356
6592
24
1716
6996
2850
7780
4560
6568
3022
2402
5972
1910
8972
6464
4170
4562
9818
9346
6914
94
192
3794
1344
9410
118
3744
1440
4928
7306
1284
738
5854
9956
3646
4232
678
6550
6276
8960
6450
2884
2320
2554
5790
1508
6086
2230
8696
8472
9586
5018
332
3134
9532
536
2580
9878
9732
2092
6978
5274
3160
6944
5684
8230
7230
8870
7446
5784
8804
5002
8340
6964
8808
1840
5924
2560
346
664
4546
7762
4654
9516
3354
806
5852
7676
2416
7004
1606
9218
1424
4822
3408
5622
2536
9260
5770
3422
7038
8314
3938
8640
6136
7074
9938
2662
7434
9942
4154
3784
2510
8462
268
1512
694
2124
7372
3356
6678
6700
4962
6892
1864
1204
4030
2046
3764
7824
7710
6704
3382
3044
9996
9452
2468
4856
6846
8908
3334
9300
5514
2294
5272
9008
4110
5796
1024
5042
6948
1348
4764
6204
2462
9544
114
8138
6466
8220
1504
8396
7216
3316
4862
6372
9672
7096
2134
6640
6312
2196
398
8596
4190
7064
9024
3182
376
9156
4720
4576
6030
6454
6126
5850
1360
4690
3490
6820
3426
5730
5664
4754
6040
8682
476
312
6356
5032
4834
3162
2264
5180
6296
974
8618
848
3468
7258
1014
544
7058
1864
6800
2140
3344
6044
9870
8398
9166
2716
5038
1148
662
2890
146
4652
7204
508
3012
8818
1718
5306
2588
332
5604
5632
7818
4874
5012
6516
7026
2890
3554
7890
1678
988
9588
7204
298
3608
8880
9494
7722
3342
8848
8382
8932
2848
1194
9876
3480
4286
3098
6730
2668
7504
414
3106
6388
4736
7314
3018
2876
1514
9402
5416
3680
8176
9966
2900
6238
6108
3230
6196
9824
2510
1460
2688
354
576
7170
1754
4916
3900
800
1604
1622
8160
454
4514
3930
9562
6478
2780
6992
7928
1870
9072
6768
3710
1842
5732
754
4972
9776
2030
7382
5726
7432
6648
9008
8530
2818
9292
9190
7904
8124
8096
5388
4436
9100
3518
2822
9514
4606
7082
4476
8160
160
7348
5412
8876
9976
9268
9584
5824
9334
9478
2378
1934
7108
3044
594
5064
7498
1716
5256
5354
7958
556
6712
9376
6990
7982
9726
3668
108
1488
5488
7010
4940
842
3526
9718
1160
9594
1558
1978
7228
6944
2346
8138
4116
1422
2020
9048
7282
6192
3892
3772
6606
530
8284
7380
4636
6034
7208
2386
1742
3818
7936
9542
8506
3370
5984
5774
6514
4124
3160
3576
884
5438
2628
2866
1570
7426
7852
5882
8602
7770
2114
6322
300
9230
4238
6378
318
4496
8552
9038
7818
2514
5216
9362
7108
3202
7002
2986
4868
1456
6438
8258
170
7596
9082
3372
464
1552
3874
4124
2962
2542
2758
6814
7372
6190
4276
2710
2268
7818
804
2944
6930
5378
5104
3008
1466
5766
2730
7616
7710
2092
9860
6900
4720
1440
1236
5174
8676
108
7700
4732
9322
6940
1450
1704
8802
3640
5472
2608
4082
8016
6390
8540
4288
9812
5954
7426
3008
7120
5442
5750
7734
2592
6174
4986
1564
8664
2644
268
8368
7094
5022
8858
2014
4164
2912
4132
1804
564
9214
6968
9222
9762
7650
4660
9546
4968
7898
6036
5878
2950
9104
7756
8840
1390
534
2984
9516
3292
3712
6478
7522
6718
1618
3882
2484
1710
550
440
6670
9064
2226
8816
7004
6054
7194
6820
8942
3196
3578
6520
1070
8552
6090
9720
7978
2412
1172
7494
4824
9566
3348
5214
9806
7296
9124
9030
1142
6130
8950
5918
8610
9388
7432
6038
2408
6784
9606
1116
6838
3334
5190
3226
5758
8092
2426
7978
9500
316
3458
3366
6826
8596
4972
3042
3410
1674
574
1586
4246
884
9860
1928
978
6952
9218
1984
8712
1840
3222
8492
814
10
9414
3202
5064
4430
1704
6852
8532
7812
2372
5450
5254
7574
5710
8522
2638
7528
5218
8698
9928
6754
2398
8540
4360
8738
6956
2168
2576
5634
8174
9238
2112
2464
6492
854
5342
4506
8676
4892
7674
1538
5746
2624
2074
3102
864
5432
3746
3158
3216
9624
7222
1702
1980
6594
6174
1464
1124
9186
2488
1262
7196
724
2104
4890
6508
2162
7344
1522
1286
3190
4140
8306
2970
4514
3098
9850
126
8286
5168
8050
250
9026
9940
6304
596
2882
6408
4024
4242
3718
450
7810
2250
8004
7640
8378
2278
9524
8280
3756
448
5332
8160
210
7332
4946
442
5916
7296
2332
3534
2882
9300
4658
8374
6890
5114
96
8304
7478
572
6412
6472
8492
9584
6556
5404
9112
5020
7900
8022
1838
6912
4296
3872
9828
7514
8024
8408
1098
498
7382
4646
4296
1130
8986
8424
6960
2582
44
2136
4058
2962
5368
3154
2436
8702
42
2554
6696
3260
8762
9268
7524
7398
3334
9760
2810
4424
1626
7626
8806
5676
2960
4772
888
8660
188
4732
4294
7208
7548
6502
2800
8106
2238
6152
1056
3384
40
9328
8482
7886
7288
6484
2314
6208
7300
2936
6910
3698
6876
5970
2160
1932
8046
1488
7212
10000
5056
9558
2314
40
5198
2270
2008
1034
8990
6192
9742
7482
5834
3150
8268
1384
9430
9096
3846
7086
3904
3100
714
1828
5988
8822
7756
9174
3350
7222
6724
648
7732
3168
6928
7828
6520
9130
1168
4334
2612
5470
8440
804
8590
5446
6474
4554
3566
1870
9722
2904
2864
8166
3728
1434
3224
8226
5112
3602
232
3960
9326
6244
9684
1944
1446
6024
4242
6210
8732
2018
5270
6718
4478
170
8058
8176
2142
7046
5024
7274
9304
6472
7464
2424
5636
1302
7266
4402
8516
1178
8246
9174
9142
9394
6834
5206
8462
5436
6162
40
1298
1556
9850
2294
8732
8596
4410
3896
6158
2804
8628
7588
9088
5796
8284
1676
5140
9248
3292
8916
6450
8148
4392
4074
5392
2282
9724
756
3934
7240
5230
6510
9282
5338
8352
8172
8490
2540
2752
6232
2750
7556
9290
9200
7008
9232
9134
106
6332
9392
7564
4684
6904
2010
2004
5590
4184
9066
8116
50
4108
3410
6914
850
9452
7182
8704
4118
708
1904
6858
2924
5434
9940
4148
8676
7968
1946
8706
766
3278
108
5052
2808
6324
9222
4944
766
3234
3058
8662
8030
1008
4472
9070
2224
4936
4024
8620
3600
5614
1062
598
4364
5814
2392
9190
6688
1376
9238
6162
3190
8230
6798
3204
8034
8042
6128
4244
4166
7180
1416
6396
9350
7422
3108
3068
5972
7964
3682
7926
4906
8226
4042
9512
4354
100
7320
2540
62
8284
6490
5706
5954
5096
7948
9752
4806
8682
5720
8160
6972
6678
5912
7956
9148
9256
1930
5238
7882
9914
214
3590
3048
8510
9170
2856
9208
5554
9846
8112
8976
3012
1310
8848
3998
6792
5476
5786
1794
874
4290
5952
2748
5772
708
3570
2564
222
2086
1528
3722
5200
2614
6748
7636
5310
9338
9964
7832
3084
5060
6376
1340
70
1482
7636
9230
9276
250
2108
7800
8834
5362
2290
616
5466
9042
5492
6674
4654
324
2412
4664
9646
4758
5164
814
590
8720
7664
4012
2128
3496
3956
1292
3798
9494
9734
6226
3968
4762
8794
642
5498
3752
5556
116
7364
2266
1788
7696
7766
2352
5888
9042
2314
3010
4444
4114
3560
9678
9328
3636
3412
1808
6912
7378
4022
8046
7702
2286
3300
9042
246
1202
9504
8344
520
7258
6228
9736
2446
7616
2964
1160
696
5472
7138
5934
9542
8858
9992
8718
1670
248
4918
8558
1960
2158
9522
5708
8318
3184
2184
2736
4786
2076
6012
7954
3922
1126
9460
4620
8124
5634
2110
7950
2142
3036
790
1446
3250
6760
6308
4222
4542
9914
8822
8608
2234
6420
400
3784
2536
7014
7620
9670
6992
2132
4702
5266
3576
7690
9746
194
3164
3390
1750
8452
3182
9196
5522
998
312
2440
7876
4830
3130
2426
1628
1888
1938
3786
3402
7152
3420
2416
8074
4448
2854
362
2640
7110
4628
228
7914
4154
584
2746
2276
4814
6638
2466
8562
9108
7024
3536
5938
8822
4742
5788
4598
5002
9512
7960
9034
2466
9180
9796
6904
434
9936
5862
7976
3444
8970
2932
4538
2922
2498
2704
6994
6250
1388
2536
5882
8338
7280
1464
8020
4850
6582
7140
9546
8126
3020
2028
6738
7348
6724
6974
2720
8296
2108
2094
8468
4732
9040
4144
9248
2012
2008
4394
8430
1640
2846
880
9600
7866
6034
8324
7580
5766
8052
9046
4002
632
1168
3768
2512
8730
4536
9012
9810
9264
6196
2444
2268
6950
4406
3036
4832
1776
5774
2512
5692
8610
380
1220
6164
2016
6014
7790
2124
7508
2920
8226
5116
6252
7140
8620
2
7436
4908
500
6874
7154
2066
7228
8458
8482
616
380
8660
3602
1986
5152
4374
1490
28
9758
5038
4454
2646
1012
3230
6736
4438
750
9394
1056
8312
8034
1564
5366
576
5836
5754
4958
6744
9434
8468
6902
8392
8212
9218
9928
6886
2976
8774
3754
9394
1900
6626
4438
1462
1774
8632
5728
6610
4774
7504
738
7448
4648
8856
1470
5192
2946
9904
94
9174
4172
2510
3990
466
3362
8402
5074
3060
8014
1556
6466
6276
3956
9920
9460
6476
1224
9634
2774
2348
4668
8972
9820
9454
3210
6196
9920
6438
6590
6978
3164
3044
2072
228
3558
3656
28
4320
3058
9998
2284
310
3748
1440
5690
4754
2232
876
338
5416
9658
8030
7750
8530
3242
3396
8344
8440
672
7096
5842
1934
2948
4102
7378
2648
7530
106
7566
6690
1298
7746
9712
8270
1272
8444
7346
1638
9992
5796
9108
2244
3378
2880
4424
504
5008
4326
9752
2830
8840
4280
6188
5954
6772
592
9300
2406
3452
2876
5608
6830
4036
7598
7548
6754
3404
3428
3162
6106
6910
5134
2792
9036
902
5712
4800
5646
1558
7218
5522
2666
4596
7016
3356
6382
4614
4222
2736
5840
9446
4230
2772
8358
3504
5108
32
356
1414
9556
5846
1110
4312
1966
6738
312
4450
4738
2022
8454
6102
7048
9594
5608
8470
3900
6974
4750
1496
2052
6866
3386
7006
202
2144
5178
5392
768
580
9716
2908
700
2148
7828
4294
3470
2722
654
704
2554
3258
9556
6338
3826
136
3396
6856
9544
674
7702
8800
7224
1016
6650
7662
942
4390
6390
9446
2594
6608
7648
3784
204
5426
2974
7750
9820
6550
112
7742
8320
1948
2006
2742
9782
4552
660
3928
7132
3710
96
4132
6148
5784
3520
2690
4756
84
1882
2802
7006
7290
1086
1548
7698
6250
2336
2496
7870
4512
7728
9012
4020
172
4432
2482
5260
2160
6652
1650
778
5186
2668
6638
4412
4062
4322
6354
7190
7082
1602
1460
7824
9772
4364
2246
9600
1526
6636
514
660
9250
1908
8232
5938
2756
9880
9766
4140
3846
3294
602
3238
1890
6176
9876
4144
7506
7776
610
3540
2352
2102
5564
7860
9242
4472
556
6870
7770
2536
8264
5170
770
6856
4246
3564
3888
1852
6658
8678
9092
8278
1780
6142
5174
6108
4448
4324
