8281
5445
8377
9675
6033
245
3203
173
8251
6431
9189
9441
3353
5917
9677
3737
8563
1943
9651
349
9187
189
7355
1823
7319
7703
5781
8219
7445
4805
8077
4015
2803
1593
5937
9953
6135
1169
9517
8883
5651
9875
1501
3381
3771
1523
1543
6891
2007
7827
7105
8833
7677
8059
4499
8121
1855
8297
4969
9439
2063
7291
8661
8973
4887
7565
4767
4905
5863
6893
9981
2593
8933
273
4699
4137
595
7183
8211
9397
1141
6021
2397
5447
9383
3081
6749
1407
1729
1843
4381
1039
9989
1183
437
447
8005
2917
9307
525
2677
1707
8395
1693
6887
5971
7401
4497
4265
8967
545
723
5545
3323
7213
6003
6241
5635
7497
5541
4029
2437
9467
4785
6141
7763
9083
5677
8829
7143
743
8037
8107
3227
4949
2231
6909
9359
8783
9777
5129
4035
3917
7585
8311
5075
8635
8181
4311
2341
8569
9397
7763
5559
693
8081
7729
7001
4727
159
7501
5507
3065
6949
8965
6709
5029
3045
5921
397
2177
35
3763
8817
4923
4489
7981
1679
9093
1241
5571
9753
4293
255
6693
1669
2127
7271
6269
5673
5145
1315
4921
1797
179
957
3507
6637
2233
1645
2885
4925
9117
2233
9741
9395
9919
2481
3765
6533
5055
4595
6779
2067
1521
1663
2199
3467
387
6731
5135
8125
4999
2115
6189
6481
7821
8073
1343
401
247
4277
2593
4161
4707
4343
9705
5397
1995
6199
1073
271
5061
1151
8053
3669
7241
7433
8475
7355
5229
5575
603
9437
5745
8413
9841
5765
2005
7273
2215
69
9981
5001
5511
6293
9535
89
7065
1597
9689
7973
7261
8045
3681
9565
8991
3773
5571
5169
8049
8415
7157
3991
3039
4297
2065
2731
1285
2097
2295
7117
2285
4089
341
799
8855
2683
5199
1627
8031
7523
8453
8145
2413
6573
7761
8305
1969
2687
9179
8561
6083
9195
7967
5323
3691
4847
4293
9583
6481
337
6155
6969
289
5125
7195
1877
5781
8929
509
9777
9979
8957
1105
2595
4031
4569
2023
1127
9213
5673
4999
8287
5801
963
2967
8651
8169
9059
8477
9235
7123
1833
3425
6781
2745
6767
9833
6291
9057
9729
1549
5537
1065
5573
4667
1327
9759
8899
5471
4783
6077
3711
2495
7117
6219
1047
2833
1605
4757
4953
5905
1981
57
1263
1109
1437
23
2685
1585
5027
6921
8589
4453
4075
2471
2007
6657
8685
7593
7727
7257
2499
1703
4433
6763
1929
9049
3201
6563
9693
4975
5811
9231
1911
3425
3947
9347
6539
8271
4593
4429
225
4019
7975
3175
5233
3903
2681
1169
3643
219
2791
3945
585
4715
693
9309
391
3647
2871
25
2017
6137
9257
5919
6465
2665
835
3643
5163
6495
2413
4775
4385
7923
6327
1361
9493
2027
3859
1045
3891
4081
7063
9291
4091
6331
951
2855
1105
5595
1759
9831
5725
2219
1929
6321
8269
3569
5673
4077
3647
2371
1049
2309
1643
9467
5007
3759
9297
8063
3623
9293
6237
2535
4105
1329
7269
7407
675
3813
6229
2759
3809
5815
5171
9189
8579
8999
7173
1159
8973
1233
6525
5197
3025
1075
7377
6771
5503
5897
2299
5157
4275
9965
4547
1573
6651
7845
1011
4375
511
1533
1973
2219
4719
3651
2813
7473
7477
7967
8949
2633
1303
233
8557
233
7601
7091
3199
8839
987
2221
6167
4939
413
3531
345
6997
113
8901
1741
7081
4651
5693
3401
2661
3785
4815
9809
2995
3339
4089
2595
279
4231
9047
9923
7971
4799
363
1323
3023
147
6029
335
8675
1131
3451
7343
771
5093
4653
9523
1295
8373
605
6473
4427
8009
957
5983
6441
2451
3075
941
197
507
6169
4259
9959
4737
6991
8665
6365
491
2149
7313
9141
3863
705
6137
7759
7599
9697
1777
1877
6661
2971
7125
4887
7997
7165
8991
215
309
5675
2731
6609
733
5119
2315
3243
9415
5791
9661
5563
3391
673
2985
5873
7469
7821
9265
5419
819
6889
2177
551
6609
1543
2895
8357
5005
9277
4033
5521
5273
3097
7981
805
6307
6739
2515
5583
1133
1811
3931
9927
6655
3005
5557
5031
4207
3173
3979
8785
1721
3697
7043
7735
3591
4469
1823
3085
7533
1761
8021
5017
9287
2577
5023
9723
3285
1773
4393
6975
5601
9607
3301
2317
1049
7665
4543
6575
767
2527
9589
3293
4189
8277
5087
1513
2481
2541
5063
5413
785
4351
1767
1003
4693
5889
5777
367
6181
4559
7423
9971
3089
9
4503
5505
7865
1031
4707
2625
5443
665
8527
3233
4371
2647
5013
803
619
5177
7537
243
6527
101
9079
9907
1499
3197
3297
4107
4847
8889
7877
1661
6375
1031
5865
3997
8675
255
9691
1489
207
665
1309
1137
6897
1209
9333
4681
9085
4747
5495
4531
8113
8217
9479
853
2993
7247
4771
6465
3285
8263
4201
5875
4107
8805
7187
2579
6697
529
7709
2811
1843
8791
1969
1755
3877
4077
7589
7467
8041
4955
5793
9565
2091
7753
1831
4273
5483
6081
6429
7307
3247
6309
1721
1383
7549
4591
8891
4319
9323
9237
4133
4803
6663
5541
73
7531
971
6699
4819
7589
583
63
799
5317
3517
6595
5959
561
8739
6111
9403
2383
3863
3589
4319
6359
9081
3937
6457
6013
833
7455
6169
3295
8301
9243
3663
2063
641
9115
4055
8087
5461
9785
7821
9145
8349
6357
4721
7487
731
6921
1959
5029
5709
3897
6123
5681
8175
5119
4975
9563
4129
2527
9881
6775
3777
9745
5837
1079
1033
8655
9891
7495
2961
3385
9239
1815
5301
2175
627
4855
2767
6671
4467
3687
6253
3705
1949
5603
6731
9933
5031
2313
1505
3905
5897
2921
1701
7017
6359
3943
4507
2899
5749
7869
1645
601
791
2461
8635
2017
3257
8525
5385
5967
2577
1583
3715
9887
833
7787
1531
1433
5145
6831
5915
811
2067
8865
8247
7563
1419
205
6621
6491
4835
1787
4721
8165
3407
8115
6777
3021
271
177
1581
815
8315
3719
9621
4137
7543
3747
8885
1355
6975
3451
9269
4265
4369
8829
2179
523
2603
5883
7135
4767
633
5981
9727
8153
5137
249
3147
2129
6597
5869
6755
987
659
6439
6319
1397
1609
1259
5901
7087
461
4125
2321
5791
4709
1151
5553
7589
6481
6561
9909
605
7021
7975
2231
2055
8215
4931
7993
2301
7955
7231
6437
7431
3627
343
2917
9873
3535
8087
4373
7561
3715
9791
6427
7019
4381
3547
6957
5193
1283
4847
93
6451
5539
2245
583
1037
8013
4283
7759
5687
7467
6191
2141
5245
4849
7215
5001
8525
4643
1247
9737
5399
3483
6017
951
8231
7991
7235
8549
4987
8105
5699
1031
5341
3139
699
2359
521
3515
3811
6213
1839
1441
7383
3285
5971
8943
8597
8931
809
3233
1321
517
5981
539
7021
397
531
6729
299
119
1475
5829
9821
8191
3555
9249
8683
1747
9633
1523
6695
6401
5393
8173
1213
3801
6775
3291
87
551
5843
5279
3727
2549
9267
8671
4085
663
6239
5847
9099
3091
2217
9509
1995
2675
105
9697
3891
7431
3767
5663
3685
605
6455
4279
7911
5613
4691
8051
3609
425
2237
7369
6813
7645
6695
5995
9263
3073
3797
8275
2307
3221
1563
3689
7557
1165
2009
983
2083
6037
6005
8083
2009
3547
389
1213
9225
8837
1881
8863
8797
1207
865
4037
2397
1841
7831
2001
9397
9113
8931
2667
3979
9033
9923
707
2475
5913
5371
8151
103
703
3223
3849
2551
4645
6147
785
5147
1
9063
645
6529
593
2657
1151
3711
9067
1511
1071
5289
6841
8115
4291
447
7353
3955
8735
4679
3393
2015
1241
2701
2359
1191
1289
8633
745
7621
1185
5813
5843
465
6377
9643
8825
3185
963
3491
4781
4763
2977
4731
7141
8895
171
289
7947
3383
6265
1585
2317
9593
7397
3541
2583
4069
6119
4449
5177
315
9337
1831
5117
8761
5065
7723
767
5161
4341
8453
1783
5269
113
775
4289
7367
6275
8433
1427
2543
8545
9645
6593
7929
5255
7267
9583
3903
4165
7481
1531
9381
3895
217
3419
8349
357
6187
2527
3599
5841
1109
1677
4153
9639
2297
259
7219
7797
7043
8095
1389
6677
7837
327
9489
6395
6599
7
4397
1339
8447
279
8441
2251
2451
5261
6367
343
499
6195
5255
9223
1273
8823
783
2671
3263
9395
6569
6141
8691
375
449
2117
1431
8091
1231
453
8333
411
657
7943
7195
2597
2153
5725
4779
3491
8077
3205
6689
7187
1975
3551
8031
2499
1803
6535
8733
6257
5469
1805
9745
1325
9511
8381
6635
6037
8659
1769
4267
3995
3637
2191
5607
9197
6477
4113
7227
5839
8747
2495
3063
6459
2959
2155
5631
4071
7251
45
1637
9111
1439
8493
2301
5259
4927
2165
7809
4405
1979
8007
127
9787
2433
7295
4313
9315
2013
3209
3557
5923
861
177
2531
8559
199
6725
4635
9563
301
8771
9571
6167
4987
7485
1231
9607
371
9505
4699
9333
9633
7987
5119
863
5957
2243
835
4627
8409
4173
7359
2057
2527
91
253
4675
39
9977
8055
2763
7685
9967
6191
4853
5637
1153
3887
5905
2055
2907
8735
4841
7709
7659
8423
3823
1469
1231
6255
9399
1993
4243
5389
4509
6927
5841
7091
2551
1903
1587
4843
7893
3165
4669
6425
9153
9219
5325
1371
363
8291
2689
2265
2307
1167
5627
5907
9423
5869
7633
433
673
3091
3461
2219
2387
8137
777
3769
6211
4525
6281
5457
1867
3597
615
7623
1307
5595
8963
1491
877
4847
13
4613
75
9771
455
1643
7433
7781
7689
549
6319
271
6767
4967
7931
433
6627
4361
7141
6967
4007
4811
5135
9777
3645
4989
7645
1811
3101
1453
4349
2243
4419
67
3199
3915
5611
7001
6109
8011
751
3255
3249
7309
2921
2661
1469
1689
6099
9983
1913
2455
4983
4533
9707
3325
4731
9877
9819
6085
2349
4531
2739
5097
4397
6251
6997
7125
1357
5673
8105
4309
4355
6961
6133
3797
4049
5383
9469
2945
7889
8485
9417
6207
6461
5747
8293
8733
7497
1977
5857
9165
8787
6937
6867
1625
4219
3285
8121
6995
3005
861
6253
8935
4981
1169
1527
9139
5781
1309
8657
173
4171
2759
6511
1517
3291
4775
8353
1875
5697
5345
2737
631
6771
5105
9395
61
9277
3889
7011
1465
6847
2999
7809
6225
9583
8357
2115
8569
4691
927
6377
4307
6599
487
2851
7489
5535
73
7429
8491
9955
6179
7209
5493
7569
1581
5253
559
1921
1737
6813
9139
3591
7471
9051
8843
3631
1705
8639
139
9177
1739
2375
7135
4335
3025
75
7049
6217
2039
8161
7049
295
355
4865
7489
8361
9505
8215
1247
2723
5777
781
3739
339
4573
4217
6243
9437
923
1953
4997
3885
2879
9807
619
4467
6941
8145
4803
8137
1649
6357
6925
7847
7183
6789
9521
4763
1111
2471
1611
293
3019
4213
9411
3093
5093
1953
3229
2087
1143
3857
3503
2609
6113
1927
2813
6327
4483
1703
3857
2873
5059
1837
3261
9361
6133
771
5309
6677
8239
1199
7581
5071
7849
235
2545
8375
7403
965
3393
9325
5457
1329
1733
9713
2047
6391
6381
5533
1327
5369
4779
3059
5081
4405
5237
2803
5421
1713
8637
2483
8387
3503
7495
6615
2265
4017
7657
1399
5425
5343
9967
9701
4775
5225
849
1263
4437
7005
2877
8369
1105
7013
4753
2129
285
6759
5197
4893
8561
9645
1077
1499
2411
4355
7147
6507
6311
8211
8893
5523
411
8285
6017
1767
1499
6885
2245
8675
221
6255
4255
357
6061
1233
3897
7977
6755
1711
8001
5139
2817
4041
185
5685
4195
7835
267
7395
6309
7715
7691
2093
585
5423
5003
4661
9827
9281
8517
5511
8495
8725
9889
2135
2905
2485
7495
293
7441
9039
7963
5417
2429
2231
4255
1237
4955
9751
7743
2655
7961
8895
3167
1713
2419
4123
7229
701
5043
3339
7917
2733
5619
9777
5571
1083
6839
2917
8107
8443
1735
6117
4223
7041
9279
4955
7355
887
8399
483
8631
5011
4289
585
1767
4121
7629
6295
1
451
5927
9969
8767
1261
8549
1885
677
7819
2975
9911
5799
5959
8105
901
1769
8831
5
3931
2039
5369
8741
7643
2775
5085
4277
7387
623
3507
9539
899
8561
287
405
3751
2187
4291
957
5855
4547
5713
4895
6747
4273
383
1933
8007
8849
3627
7571
9555
2121
683
2053
3923
6825
2535
8925
2579
8543
8053
2993
4131
9651
2037
6823
7673
1355
185
9827
6173
7907
897
7631
3769
1299
1931
7347
9983
7983
5781
1449
8461
8751
4237
3175
9979
1503
9049
5699
5545
4341
9061
8535
8181
4789
8455
4121
777
5133
7109
6649
5187
8195
4231
6139
6883
6157
1671
6807
2365
5361
559
3893
4119
7639
4877
2515
3509
1221
2467
1611
689
2045
1167
131
697
6233
6443
8799
2115
8123
2153
7413
2183
5753
971
2053
7851
397
8467
7605
1987
4427
5609
2755
9231
1985
4327
3339
5867
6469
7669
2795
9957
7315
4291
1745
4117
8401
2061
7635
2793
8155
8447
9217
5195
5069
3641
7853
9627
5235
9893
1131
6281
2071
9543
6369
3525
7217
7987
3497
5379
6403
9919
9601
3093
5397
4555
9337
2593
4683
4455
7967
7269
2629
3419
9697
4515
3225
525
8023
5543
3347
1479
6343
223
2191
2199
6449
797
1767
2863
7267
3033
8693
7639
9657
8923
2215
8715
1989
9961
2681
4937
6925
4549
3115
7747
4715
2285
4941
2637
2773
4755
5703
5597
7499
489
9371
1255
2915
8879
6431
8033
1127
8811
3935
4203
893
6169
8671
405
1067
1163
4481
3913
2269
4745
5891
6957
8747
4861
8547
5291
6103
6289
4785
9725
3769
779
4299
893
7081
2529
49
8839
4909
9977
1955
7251
3169
3091
4811
4577
1361
6463
21
9631
5219
9565
2499
9135
6815
2917
5607
361
599
2763
2761
3529
6565
7071
6205
9597
6621
1677
6071
5161
6495
3141
4485
6991
5707
3555
6601
3125
1555
4841
7617
1549
4623
2097
3593
1621
3517
2841
7147
7039
8001
9555
6515
5747
287
9499
7523
3071
3515
2499
6695
7033
6413
5543
1209
4717
9711
2645
4255
6091
6511
4849
2369
7933
5987
3543
6055
4569
7745
5101
4859
5311
2347
5147
9867
3841
5019
31
889
8239
681
6667
2927
5611
6667
9427
9185
7405
7923
739
6917
9685
3707
5777
8813
4389
2337
7237
1157
6113
5207
1407
2443
629
4781
8115
267
4609
9591
7877
2265
4911
8377
117
4995
6127
6963
8217
5757
7807
2305
6653
5885
4735
1751
8481
913
5153
4215
9211
5365
5599
4301
6239
8943
5679
6465
6991
2095
9503
2221
1787
1403
4005
2729
7365
8407
4233
8219
7101
8109
5033
1989
1009
781
4513
3221
2643
4777
7431
1141
5571
9109
5735
1339
4539
3033
3265
8885
2937
6969
9313
2193
9047
8219
69
781
7427
9147
4461
3499
8745
1887
9681
7591
1593
1137
5417
3011
4891
3887
3225
703
3495
2933
4823
8891
7635
6013
1581
3255
2239
4889
4751
25
4077
9253
579
879
4755
9835
4585
2497
333
8509
5929
4683
9833
6093
6707
1041
2089
9795
2401
3255
245
9843
6963
807
5751
577
193
4259
1493
8661
895
2193
4665
5347
8733
3121
5223
9867
7617
3781
5833
7199
3387
2959
6183
1027
7947
3483
8635
3331
9445
5819
7631
6617
1331
6485
5029
8587
5629
8847
5579
8033
2227
2325
2489
3753
1769
9159
5089
8701
5315
9313
3935
5865
3819
5721
5163
3425
8045
6963
6165
2203
6005
5393
3893
5159
6947
4885
2665
51
6551
2611
225
4361
7177
7031
69
5933
365
3777
4761
9129
3711
6343
9643
435
1671
5855
2319
9279
4225
8877
8567
1273
6499
3051
3347
1615
8611
9861
3397
6613
5627
8629
4723
5165
2177
7073
5949
9043
609
1857
5029
3615
2465
1537
3363
8393
7003
8677
735
1789
7249
2513
2101
1767
8913
7217
9425
9329
7961
1217
4301
9737
8761
6497
2619
8941
4141
6189
1169
1047
9417
8701
9353
7135
3551
9113
6349
2577
2565
4789
143
3979
7703
6677
5783
4215
237
2137
6029
9969
2081
2771
6139
9137
561
883
3859
6737
3171
3265
2497
3501
985
6599
4067
6469
2871
9541
7461
2959
5095
8279
3241
5661
1805
6525
2657
7453
717
5827
5839
2763
3721
6345
7497
7641
2417
1637
9361
1113
8557
4751
8867
3973
2277
4299
6477
1857
3889
6063
7237
5901
3367
4043
3805
4691
8331
3369
2235
5905
7607
9879
7395
2559
1385
9653
9409
4273
8025
8379
7735
177
2859
3745
513
1749
2323
9581
3757
3933
5267
7785
1885
6469
6981
6321
5569
8601
9509
1297
7891
7415
7303
3385
3469
241
8971
7853
5493
9881
1353
9663
4357
5659
2383
4695
3905
8011
2779
3577
3961
7563
41
4675
4393
3061
2935
6819
693
7651
9217
547
2225
5599
6383
8321
7589
1077
8137
1785
6301
1925
7531
9271
4049
8195
2307
6881
4717
6397
9785
9055
5003
7383
537
5659
7873
8751
1613
8439
839
3293
3311
7595
9671
7571
9719
4387
241
7739
3281
907
4355
6315
2715
4025
4763
9889
2897
1081
9083
55
8961
645
2209
6551
5007
83
3679
3167
3919
6255
7985
5411
2509
7877
1675
2541
4039
8341
9523
3387
3379
7349
4309
4189
4249
41
3109
4269
5993
8519
1293
1783
1041
7817
2701
5273
5165
4611
5751
9503
59
5543
3809
4181
8953
7417
517
7533
1581
8173
5793
4751
5013
793
485
631
401
8209
9633
4959
7121
6377
5497
5629
2773
7543
937
7279
3135
9871
9437
9327
3981
6023
6907
4285
405
5671
1695
4795
8383
6579
2007
3423
4687
2163
393
8825
9463
7803
5795
7367
3417
2637
9483
9413
3395
3985
7553
1925
8211
5651
2249
9835
1341
4595
7229
8429
4263
8581
891
3663
8539
2075
3935
9981
5553
4735
377
3071
865
7287
9959
5645
9403
3071
4517
9721
2725
4349
1183
3443
6159
9687
5221
8889
9985
9907
341
1167
6275
259
1465
7355
779
5393
3663
3289
721
5707
3099
1449
3065
699
347
7037
8005
6971
6979
7023
3333
1743
1159
803
9843
7557
3851
7907
8173
1689
4131
8817
7335
3541
7537
1935
6723
1445
1777
1323
4481
1743
9279
8905
8423
7913
7537
8113
47
1431
2875
6625
7947
8175
8221
7829
7085
6389
2019
8683
9471
4647
3961
9161
4007
2335
587
9931
6981
9721
2241
1739
923
3367
2277
7727
891
9163
3341
7247
2167
1869
6407
9595
6071
2333
1215
6029
5227
2311
8559
3113
6931
2029
3149
1041
8823
5225
8875
1281
4903
7651
925
5229
6929
3817
6361
3953
1957
9309
5395
6631
3707
777
8943
7367
7259
9999
4147
1619
911
6609
2657
743
4293
7137
5511
1489
1545
9627
4997
2027
2909
6783
8419
5903
3075
2497
155
8585
639
8185
3535
7073
101
4563
6971
189
2311
7147
3157
7765
5625
3015
2443
1313
5841
3179
9755
4435
3175
7901
3361
3173
2841
8445
6135
5695
1503
1917
4413
9403
6915
3865
4997
4133
9197
8187
5269
1547
1927
5015
6199
1141
9579
2551
1831
7755
2639
427
7499
4569
6071
6357
3665
1825
8679
7497
3217
7037
9423
1495
5357
1115
2305
6367
6769
2347
5275
8961
7187
5697
59
3021
6123
2555
569
9617
7785
429
4707
3147
8095
4551
4449
7819
1633
2779
9381
9319
8045
4387
6199
2041
925
6809
8503
5229
399
3547
6415
2937
1807
5119
7901
4953
5861
1793
1007
3589
7083
6909
9645
5221
1543
9731
9203
2473
3939
321
7161
6489
5753
1999
77
8027
9081
3337
6199
3737
5081
263
1689
5781
765
7437
2017
1805
6967
7861
3321
7433
8775
5889
3667
4517
4769
9029
8265
429
3479
2117
9767
3583
1451
6949
2109
9241
115
7987
2131
2409
5779
5887
2559
7433
7921
5251
7133
6047
8711
4611
2489
8755
4665
2085
5501
931
1063
6143
3731
4021
3819
9331
6217
8157
953
5289
4977
2107
577
3655
4519
1077
8163
2985
9929
1255
3949
7195
9965
5299
2903
7859
1801
6287
7949
6215
7763
5673
7663
5621
4491
8797
4543
6261
8051
3633
1937
343
4389
8823
9325
5093
931
8735
7731
6697
3733
4575
7179
3165
8061
589
9255
6705
1859
6997
1547
5385
7917
3211
4797
2717
8477
6581
785
3413
8883
9333
2655
5691
9965
9553
8083
3821
4117
5981
7169
2049
6343
5969
8355
8591
3283
4061
2841
4595
6559
6731
6273
9955
7585
243
403
1723
6447
7729
1389
8093
3151
9501
7695
9431
6591
4289
4917
7505
7199
1223
9259
4383
7495
7829
8295
979
8319
1183
7907
5263
4219
1169
1095
7123
229
1271
9589
2937
8095
1639
5701
7117
3585
3869
5457
2363
8259
7789
4649
1515
3379
6801
8543
105
427
1631
8987
3101
1049
1461
7729
461
6215
2595
1247
1365
8095
8267
9553
83
3223
417
7635
2169
9419
3933
7539
3485
1579
4229
7443
875
9177
1421
2435
5989
5061
2819
8807
2789
5271
669
1101
6765
2875
2895
291
7285
5319
3079
6221
1059
455
1761
7173
7005
715
5651
8215
845
5183
965
2085
523
2215
9169
1105
6757
9143
8291
9389
3941
2861
1871
2539
7911
5753
7495
3165
7151
6317
6131
5213
6273
5691
1735
8087
933
2127
6751
4569
2227
3543
4979
5705
6483
4943
8345
9609
4577
6267
8181
7305
4737
989
4385
8607
9425
6317
3293
1735
4091
779
7297
3159
3159
6177
4703
2171
6395
2655
6905
9775
4095
9501
4625
9061
4935
6549
4827
3713
753
3945
391
7175
3487
985
8969
5535
6235
947
5171
3781
7245
2371
8229
195
5921
6083
115
3955
9557
4139
2663
1755
1267
8167
1221
1445
7311
6899
3265
2807
3267
7
1451
4395
6739
811
9747
7913
9605
5179
8297
5145
8173
6025
9943
6039
7501
5563
1631
4205
607
6163
7045
4015
9349
2493
2919
5395
8685
6963
8681
201
4961
8515
1973
6303
8097
2811
657
7747
7863
8675
9737
9397
6661
9751
2127
2587
2799
1829
5157
2685
7779
3935
9809
9653
3279
2063
7069
7289
9349
3949
5097
269
4769
4381
5315
5011
2759
5685
6597
2873
9249
3845
6635
9921
6059
7213
3191
19
2605
7579
1183
7373
9517
907
8511
3491
4951
7089
485
4959
4819
8325
9907
2319
5375
8009
1243
4367
9143
145
9209
2583
3833
7959
2055
2749
3505
3143
3731
6061
3823
6641
4671
3919
4481
341
1669
9007
5761
1899
4181
607
999
1731
179
9317
7359
2829
7375
8357
9899
7549
2433
449
5707
2597
1997
9147
5047
7283
3031
2021
25
3591
2179
1875
9639
5313
287
5889
5841
4713
4177
3305
1259
4633
7147
3775
5079
5269
7177
1195
9137
9013
4931
2863
8105
6131
5735
6263
3563
2551
7941
3671
1989
707
3429
1483
8209
3343
3569
7183
2425
9527
8541
1577
1361
8171
9831
7555
3417
8759
2793
1001
1777
3567
7087
6113
2291
7573
6179
1963
1893
7393
1171
4427
5415
2107
5985
55
4755
359
5173
6435
9929
6097
725
3333
6371
7099
4409
4395
2459
5097
9649
6891
611
7201
801
4765
2665
3195
2197
6485
2879
1801
2105
2557
9551
6443
6543
7283
6863
7317
6149
9741
6071
9695
1523
1143
8233
2943
4393
7895
2887
6107
8639
2393
9401
7573
8695
9225
3083
2363
8965
1203
13
2057
3295
211
4129
6221
2717
6599
493
8619
2351
5419
2155
7981
409
6683
6417
4547
7885
8985
7949
9195
8865
8599
5197
5027
1243
2161
5313
6939
4341
7925
4945
9781
7917
5125
2959
2155
4283
5015
9711
4323
1895
2709
2111
8033
2465
4935
1641
1417
5155
2935
6649
5141
9949
7241
6679
5547
3653
1971
7369
9173
2959
2655
5169
3673
9655
155
7321
9945
9481
4563
4475
6667
9657
6181
275
2417
5475
4375
7809
1341
2031
5083
1441
9821
1631
6411
6643
455
1399
1817
989
4605
6885
7655
8347
8995
3951
5391
5769
3199
9335
4169
995
1483
71
2305
4301
8239
349
2723
4671
4973
1647
9977
799
9667
4059
3835
4309
8661
8435
5935
9485
5757
8239
5029
5471
8819
1801
2207
2921
5941
6671
3153
8135
969
2407
2965
3869
897
9681
5061
7845
6681
1255
4607
4367
7633
9455
3255
4085
9621
7031
1329
1093
1723
657
1399
4125
6659
7431
5493
7527
3665
3013
8587
8021
2991
9915
513
3785
3201
6729
8481
5771
7071
9759
7281
363
7197
3243
1325
8637
5957
7673
4363
6001
3603
1233
5775
4677
6657
8051
5241
2677
3509
607
8233
6171
4537
3415
3809
1123
2151
983
4591
1399
2093
7441
2901
7623
201
7639
6173
6541
7199
2059
6717
9487
3785
4707
4985
3167
3241
1889
2497
863
3605
8353
8217
7651
5127
7527
3401
4313
7951
597
5471
9441
3087
7361
5601
1501
9717
4421
5199
815
7523
6517
9161
2053
4865
4599
7357
4399
7167
4441
5813
8949
2217
6905
1175
2295
3031
9655
1209
979
6941
8643
9525
9707
9765
8255
5703
645
4791
2769
4967
5581
9795
9599
1871
5585
1871
6865
3841
9817
5651
8723
8813
8607
3773
2423
4573
5729
529
6847
9561
629
815
8847
7599
5231
5299
2455
7721
7977
6739
5023
8749
3675
9885
6237
3911
1743
5265
7625
7823
9967
3469
5073
9605
3349
7321
745
3907
9489
5885
7261
7691
1435
5315
7415
2111
6759
3411
2435
1047
5297
8769
2039
6041
2675
4769
4739
3743
789
9199
605
8939
1561
2441
3635
8223
1559
7363
9349
1459
4025
4389
2927
8651
2373
827
4033
5779
8157
1073
131
5215
8563
7593
6411
5339
9103
4175
8135
5999
6721
3549
5741
1519
9967
3155
577
3653
5977
8993
1625
2523
683
4879
6303
9463
7093
2527
1775
7673
7777
5795
2789
5175
9401
8903
9511
5497
21
4647
7199
4207
9299
3583
3501
6729
8341
5071
7029
1077
9175
5143
7117
6829
1963
5973
5397
7237
5099
8979
3605
3147
9869
4839
8219
6089
7393
3169
7757
597
9883
7217
3757
4873
7425
5041
2873
8807
7863
6491
5085
9727
4647
4535
3645
8315
4651
4055
8215
6333
6659
2175
5021
4327
2795
9707
8855
6165
3477
8055
8835
4877
1899
6249
3715
1019
9545
233
2571
249
5439
1717
2479
3521
1901
4019
8259
4521
5475
2707
8959
7925
2771
9015
8153
5017
2771
4335
59
7211
4325
619
5203
7409
8717
4183
4043
1967
4757
123
6953
7839
9521
4791
5807
7421
229
3601
8575
5859
2941
8881
9333
5275
8707
2239
2935
5649
8049
397
1653
2349
9779
2137
2155
3681
5
895
2887
1235
6951
9851
2599
5063
855
5491
5531
9465
7109
1553
9613
6867
9137
1999
3885
1673
115
1277
6137
7187
6289
2829
8299
6255
7155
9853
4679
141
3445
3737
3331
3411
5071
7275
5527
3447
6347
7903
5561
5561
4275
7519
7215
4895
2197
2049
8813
2137
9411
5305
3413
9173
6001
235
9159
5227
7143
3629
5763
3683
8177
2951
8095
8193
4627
143
7709
729
209
4021
7421
3401
8057
7573
2523
4795
6595
4393
4941
3567
9543
9455
3009
6351
6515
2291
5939
7103
3249
7963
9489
1069
1897
6003
2115
651
941
5885
8443
1637
8987
3481
5995
319
8547
8359
6285
1345
8239
8865
3097
2973
2321
4243
9465
7177
7739
5975
787
2069
3543
3449
2453
7691
8739
9817
663
1281
743
4523
953
5459
8457
4283
9877
437
7373
829
2247
2463
6997
9243
973
6053
7279
7519
4027
4873
5911
9449
1035
7721
9967
6901
4807
933
1611
5565
9961
9207
497
2599
3113
1117
6675
9287
6117
8285
7151
5721
9193
9567
5417
5211
3473
4273
1863
85
7493
7679
2691
519
1843
3227
7921
1587
8923
621
6827
5077
3005
2875
7959
7251
5745
119
5699
629
9205
701
619
2809
1381
4419
9
2025
3127
4761
4497
3043
1261
6309
6073
3733
5533
2597
1591
6899
4155
5159
427
1347
9951
2605
3615
3429
1833
1033
3331
1237
2289
1191
8361
6135
5391
2817
7075
9827
3935
3343
6691
1693
5527
393
8143
1871
2045
9821
619
2537
8311
193
1537
9721
6597
295
493
6739
2869
8437
9995
7185
4649
3299
9949
8575
7105
3875
1435
849
763
315
4005
2091
3165
2031
3475
9135
3125
1003
6361
241
8051
4011
6865
1389
715
6925
2437
3051
1927
6513
3459
617
8587
3095
6135
8327
6145
447
6849
5565
8187
5849
3069
383
9803
5123
3709
429
2169
215
51
9931
6603
4117
43
1983
1997
6875
9029
7965
6949
5279
4487
1745
5277
5883
4035
889
6285
7451
847
8893
7793
6807
389
5259
8385
5663
8397
325
9811
3607
8053
7951
1051
2887
7843
7261
3135
3899
9933
6305
8701
2347
6609
3559
7215
6157
8761
5533
4669
857
2259
6555
2407
2577
4233
7015
7333
2057
191
6637
4119
4701
9233
3263
357
6853
7381
1365
2201
8789
7969
4481
8671
8095
6355
6725
1303
2613
9345
7597
2437
9813
9283
1273
6017
5061
7229
51
1659
9465
8233
6687
2151
3211
4543
5095
1515
9217
8789
3929
3241
4057
3733
469
5485
2703
9385
3445
1777
5457
1195
3531
121
5313
4507
4669
8019
2819
9265
8765
8335
6337
451
1865
3739
7709
8215
565
807
7463
1895
6329
9235
4749
1765
4141
1661
9909
4597
6293
179
2365
6985
5965
7129
169
4503
2625
7489
5269
5829
9009
9087
867
939
7397
7987
6023
787
6725
9519
6849
1383
1021
2187
323
5637
4895
1931
6213
4735
5275
765
2881
5737
5673
3415
7505
5425
4985
5229
3895
1785
799
7059
1049
6295
2779
8843
8013
6567
8503
1293
1273
991
857
2143
689
5937
3635
8585
1565
5851
3305
3827
6027
1541
6797
9839
7877
6333
7407
8247
7815
6289
1833
2133
7477
597
7507
8153
7833
9173
3265
2665
4601
4987
1753
8715
5645
7915
1377
5983
4157
9101
9297
4657
821
2861
6093
8537
8817
8221
7495
7479
4573
7207
2969
5361
5195
7917
3759
2277
